1178
7397
7038
5539
2111
381
7195
4307
9030
7759
82
2566
4639
4095
2328
1795
7786
5088
975
7391
4090
8736
591
7271
5210
6489
8016
2265
466
9064
3946
1734
9840
286
8745
7031
8638
2230
522
4047
709
613
3057
1476
4415
860
8720
4771
3937
3736
6327
7767
7970
1837
1479
9385
838
9040
9694
5592
6986
2199
432
6576
2820
739
5553
6349
1065
399
9119
6948
1031
2867
1700
5266
7841
5141
5999
1983
8660
5818
6181
3309
7678
263
6543
5146
5761
8159
5916
9760
2482
4917
7459
3766
9952
7269
5263
118
1028
6664
5211
5847
4992
7855
5977
3697
1150
5813
4938
1901
4667
7146
4683
9403
541
1334
5063
4366
6259
7825
9068
142
8401
9933
6889
9225
9577
9616
9561
9553
8130
7611
1482
1381
380
8307
8640
9769
4368
5787
9706
9113
1295
895
6532
1166
4879
2914
3369
5442
2840
2326
3869
843
9035
5666
1121
1339
3877
2296
8607
1773
2443
5312
9194
2734
1219
994
7991
9498
5533
4799
3963
6807
5736
8897
4217
5451
2093
8263
2910
8359
9925
3880
9697
662
2512
9449
4465
8546
1952
4577
5889
2436
2209
9954
6362
7573
2316
4605
7898
8196
768
6654
6655
3657
1325
3958
639
8810
9123
35
3996
6798
1238
6467
5858
7049
8639
6155
1488
9654
889
8223
6162
5272
9633
1463
8349
9931
3045
4764
9530
4650
7453
5986
3619
5381
5282
3962
7332
4837
4108
8953
7656
7978
6930
3026
3158
5667
6496
8256
1523
9206
4059
4808
6256
9262
1365
3069
3790
6696
136
4871
9327
6551
8019
2125
475
4379
7201
3904
152
7449
6080
9038
8984
8957
8522
4110
3172
4795
7282
8697
7658
9497
8647
4780
5870
223
7051
4512
9956
203
7810
7616
5904
1010
5075
1829
6684
5963
6562
2142
9331
2616
4857
1712
3315
317
3593
9078
9567
3246
7303
5779
5032
3931
4626
2044
8103
2136
9246
6032
7461
788
5580
3465
6767
2249
1268
9680
7011
1074
6834
7548
2131
5193
8484
7999
3783
6531
3223
5758
4741
801
4731
6408
4623
1633
5314
9948
3870
2228
5220
8896
3614
2716
3961
2831
9801
8038
9827
222
3449
2632
409
226
1478
7979
1543
9957
2774
9995
6716
4624
9203
8383
3525
4439
8927
1897
4183
9586
2950
4150
2741
219
5641
5676
5552
8964
3878
2503
3350
7503
4196
49
3096
4760
6595
9571
6186
3788
792
8184
5270
1851
3217
2516
7600
3522
3889
2720
1737
1364
2777
4298
5617
4479
2267
6707
7716
5727
3940
2838
5972
6878
2744
3345
3485
5648
7645
7198
7127
4071
47
6439
6801
8225
1854
8894
3157
2662
1873
6888
8138
6034
413
8952
8126
2067
2619
5073
2697
4229
5469
3051
7111
3446
9144
9004
713
5448
3846
9370
2508
8112
8977
7824
5175
9238
6127
669
5337
2322
9541
9778
6141
8475
5106
1156
1079
702
9853
3943
4373
7071
7720
509
2848
763
6229
4867
330
3578
6851
8544
6711
8350
5103
8670
5770
1423
3261
758
4815
6937
7510
814
1516
7167
3949
4719
5495
8150
1368
9955
5304
8394
853
782
2932
9563
1525
6631
2887
3050
605
2280
2880
9736
9966
4772
9305
4383
2862
9397
4210
6545
3135
1132
3507
1511
5839
6365
7539
2973
6623
7263
3784
3888
707
2421
3111
11
1226
981
4872
7818
5840
6103
7562
7586
8644
7043
2098
9010
8294
513
4161
148
761
7545
1367
717
9467
6012
9057
3450
5233
4189
2438
3182
4232
9434
4163
3792
4327
9974
6254
4394
6192
7919
4718
8011
4276
1448
1692
6676
2584
8653
8935
2692
7694
8570
6042
8323
1210
528
4471
2496
1294
9984
8545
6116
3521
1708
5897
8521
4841
3701
398
4224
9676
3425
295
942
7529
8432
7939
7957
2393
3122
59
3093
8626
240
1888
5873
8932
3730
9749
4895
6678
9401
9173
1412
5613
9368
4058
2765
5453
9674
5055
1876
5536
7468
1545
599
1299
19
6957
5320
9658
7409
2797
1591
8251
6914
4972
2106
9494
3233
7931
6337
7684
2396
5306
5688
6832
7987
3591
2279
3134
8120
8591
188
4398
4743
2771
4050
7490
7997
823
4818
7907
4665
1939
6566
1678
1
7765
890
8158
9601
3374
9831
4831
4954
3107
5425
7547
3733
5771
1483
8972
3702
7236
6856
1722
7097
3757
5353
9900
9055
3475
5099
4693
3623
6452
6705
3513
9822
5162
9640
8915
6881
9913
3691
8867
3072
722
4084
8520
8124
8962
8110
9158
1211
3302
5961
6499
9636
8372
2594
4104
4751
4963
2913
5853
7577
2870
6510
2586
4829
6644
4325
897
9927
8105
7369
2340
8312
815
1603
9491
8879
490
2452
5749
2976
9546
6340
4412
9383
5574
1541
5395
8109
4314
2051
7905
4636
6693
1731
2659
4948
231
5685
4148
8600
9528
5461
4965
1849
2487
9575
5624
2672
3840
3344
1291
3159
3582
3566
6481
7144
1864
5611
1522
3136
6410
824
15
162
124
326
4204
8912
5983
8538
5772
5697
4495
101
9673
5834
3092
5656
9432
6355
5619
6007
1732
5922
7663
4185
6908
3509
3035
72
9824
2192
3562
3841
7124
6880
8579
9808
3712
8963
5691
5618
3874
5589
8982
5820
1284
6951
327
9232
7762
5443
9887
131
8687
4414
2404
6983
689
9005
4580
2339
6433
7738
5670
2167
8221
1859
8774
3911
3601
7191
5572
4244
8718
3371
2625
7659
2719
6353
9364
625
5269
3397
1991
1403
2152
3560
1107
1555
6700
6021
1981
3817
6558
6218
6882
6910
9423
1818
950
1697
518
1635
3108
210
6891
3667
511
9086
8204
9217
7605
1260
5718
1215
6615
4345
781
8685
1569
7089
7073
8999
9359
8839
5139
7251
9465
894
7322
8170
9788
8446
9649
8237
9732
6331
9286
9839
9979
726
2385
7942
630
306
2149
2683
2764
2020
1759
4176
9193
595
9818
9784
8048
3082
772
8786
2965
1699
1594
3183
1748
8633
2499
4630
9917
4255
7175
2971
5712
6384
8244
7657
2313
2504
7383
199
1548
7402
1943
3443
4277
8854
1869
9429
1538
403
7501
8340
9908
3586
7338
5658
580
2355
5223
9163
5746
9184
7243
3902
502
425
9280
7059
2547
8056
7157
175
523
7920
8144
5238
943
9365
1093
9345
6526
1442
9969
1160
9307
9252
4981
9520
2708
1792
2406
5609
7061
4234
8824
5369
4296
2676
661
3577
3725
9135
7679
1645
5168
2080
7805
6231
7718
7736
204
9560
2506
334
5017
8567
3711
302
2507
5147
6844
2297
3074
856
5242
8954
1711
5202
1685
8272
8419
1915
3573
4860
8361
8630
9162
4416
7026
8955
1721
6225
1164
5040
1135
5863
2309
2938
8493
5918
5843
9107
1128
2569
238
8363
5631
8407
9787
9198
2077
7448
2551
9609
8140
7918
2457
5391
2292
8771
2876
1765
7901
190
672
1735
4170
2801
133
5992
9017
2770
2480
3508
5025
5674
7132
562
7277
405
7737
2395
1071
9886
3133
5013
6703
2578
3685
2958
3954
2445
6781
8852
4892
57
995
4174
4588
1585
7873
9615
5422
5460
4484
8343
8393
171
8565
3364
250
7259
8530
6613
2702
3390
1550
6170
4998
3022
2417
6638
274
8933
6640
3480
7148
5438
1214
988
8071
3228
4553
4045
6443
1868
5244
3553
8510
8645
1203
5289
5074
2519
1235
7463
2969
5933
1963
5902
1308
2242
6111
17
9842
5528
3030
4438
9689
3032
3778
705
8574
4798
2983
7965
7347
9850
7891
2343
8074
9006
9489
1047
6763
1920
4820
8310
2134
5709
7030
1822
1342
1309
791
9838
2402
2488
6650
9256
4247
3590
6606
1027
1159
400
1780
1449
5507
5555
9376
8274
8116
2573
6599
5466
2558
789
8339
7621
4499
5705
7558
9754
3537
993
3175
915
4053
3999
869
2187
7555
1813
92
5216
1400
3538
4417
1197
1494
8309
3809
6388
1673
2043
5078
8760
5780
5128
4485
1408
9830
4561
6555
8098
31
1078
700
4475
2611
8447
6846
3089
9939
4525
3389
6142
4906
9716
5271
6602
3430
4801
3255
9623
1930
9657
5018
8676
5905
7811
834
8096
1846
2852
4970
6326
1520
7193
658
392
3916
6399
6779
9029
8448
5566
4631
4494
8938
8611
4391
864
9929
554
7446
9190
9524
9890
9794
4125
3808
1326
5907
2881
9663
8325
1040
8767
8176
6244
1882
7010
2414
8391
9239
7462
656
1269
3070
820
4411
7436
8998
90
7116
2679
6917
1082
7029
1050
8203
8291
1171
5665
2769
7379
6248
6682
5477
8491
9012
6577
6872
284
3198
3193
5069
6818
6053
7238
7703
2204
7696
8304
3191
4115
5859
4454
1356
283
5744
1964
3887
8299
5341
4420
7023
7278
1229
7451
6357
8517
8796
9233
6076
8127
6651
7808
7304
8903
2009
1073
2473
4615
8577
1637
5702
3994
5394
8703
5085
2412
9581
3798
6993
2094
9181
1052
5742
9750
7617
2789
6857
7790
8571
1475
4977
9302
4748
4613
6315
2924
8700
123
5837
7308
602
1056
8113
228
5832
8986
4896
3597
6078
8708
7037
1139
8733
2456
7004
1218
3555
3803
6046
9415
7156
3112
7889
7024
6578
281
1506
1103
6742
3742
5537
6720
6341
2446
9821
5819
2398
7702
347
3995
2171
8438
4245
8920
7064
6393
4193
3865
575
873
750
571
8656
4893
8254
8552
7915
4315
2695
9523
3064
9735
556
9251
2735
7440
2175
5470
5205
930
9872
2609
7227
370
4117
7770
2582
1389
6709
6958
670
9942
8280
2772
524
3511
5475
6710
5155
4091
7407
4531
5637
9418
7404
6897
7442
675
3959
4984
5598
4301
1514
2812
8425
7946
9806
2974
4945
9982
2981
9718
6625
3635
1251
1148
1775
1261
9691
8527
5644
5219
865
5097
3168
2803
2174
6887
7107
2360
4597
1201
4881
6056
5911
7485
696
8845
220
6104
4378
7050
8069
2041
3607
3490
7068
5882
3239
7491
8624
5057
8219
3823
8429
9781
5402
6647
6488
9150
9763
4407
7165
6800
1880
1589
322
2570
7070
6843
8093
1758
1230
4328
4078
7969
7319
8123
4166
151
146
5023
7210
6498
6107
9294
9998
6757
9457
1962
5196
2825
9892
6018
6307
9091
3102
757
594
3305
5802
2520
3776
7691
1838
1481
4346
4156
1327
6824
1054
9015
8994
1655
3454
7353
7115
1288
3281
2320
4894
5731
1790
9534
33
8787
6065
6333
9224
4570
9709
2982
9936
5136
9687
7923
7897
218
2935
3326
558
4843
9785
9864
7032
7932
2871
2006
8747
6209
4976
3311
5710
8913
5415
804
4464
2955
7690
9189
7262
7598
7960
9153
8292
4318
8239
4249
5465
6845
7318
7879
8628
3863
1972
5549
1062
9960
8172
4109
9506
8791
7039
5335
1137
6359
193
8262
5491
3448
9779
8480
3024
8482
8652
3155
5367
724
4628
2549
7298
1808
5520
4408
3986
129
5067
6074
8861
3883
2030
5142
8695
1425
1804
5172
8119
1401
9412
9389
8106
28
4266
479
6263
104
5340
5636
4828
9032
1206
3169
2839
1646
4618
6973
1937
4278
8318
6689
4643
3903
5629
4987
5628
1459
8728
3048
6447
5288
1133
3087
7992
9639
9517
5364
6670
9272
8825
5459
8021
5291
2394
5707
2545
735
7583
6816
1352
7458
9278
2110
2272
8608
2667
512
1471
6626
8602
2681
5199
1564
3752
9666
2177
2889
3445
5748
7237
3053
2046
2560
8411
4521
5498
5257
3034
4738
5791
9891
3681
9728
1117
9945
5958
7929
5024
3407
8494
3164
6899
8874
9063
6016
5669
6704
7504
632
5924
5053
8297
4611
5334
3660
8731
2253
731
8833
9618
9110
3359
5927
7093
5036
7020
6301
8255
4387
9013
3547
9937
4653
5183
9486
6418
1151
9164
7035
3121
4376
1502
5655
5615
620
5081
6554
7199
9703
7804
8823
46
7428
4722
3921
9353
3334
1827
4500
9318
6734
6272
3556
407
3947
5838
928
504
551
6671
5362
7571
5479
1976
1663
5311
7388
2400
1371
5810
5253
971
8420
2581
2855
9775
1329
8537
3346
8027
196
9097
6777
9339
7780
7108
9295
929
2877
4891
2056
9309
2923
1272
7518
8634
4267
8198
7196
8869
939
1105
9539
2372
8981
1438
2415
6580
7794
7590
4713
2773
6010
7380
464
3554
531
3925
4029
8898
6563
4251
8058
4360
1539
3650
5317
8595
7358
4921
887
7359
1690
3033
4473
447
6656
6269
2755
6515
9405
5285
2668
1255
3317
3982
8380
9410
9199
9790
9511
7857
9219
2216
9600
4889
526
7340
3781
5868
2266
8026
4717
2638
5412
420
4644
2053
8922
8143
2868
7757
2214
2853
1776
9551
3834
1819
5007
2756
6942
8601
8135
733
1024
6292
3230
3676
5699
4442
9166
7578
391
8389
6737
682
3740
4744
5194
9930
7595
5753
2869
1768
417
5952
721
9606
2826
3529
6075
9516
2278
790
5480
5939
7881
3502
6950
6379
6959
179
8979
9402
8422
848
8465
7884
2078
584
4486
5805
7719
7593
7971
9578
1561
36
1220
6619
4236
7320
4694
7408
145
460
2409
7912
270
6736
4853
9059
9453
5209
8092
2036
7158
9255
7807
813
6730
8497
7963
4679
8104
9165
6746
4344
7815
415
2222
9705
8072
9145
4025
2884
9564
5872
2418
3320
6175
7214
5822
2613
9070
7418
674
3181
2366
9789
7138
1874
4233
6429
3195
2091
9512
3743
2509
6287
5934
636
429
491
7368
5176
7063
6054
7711
8562
1800
6943
7523
13
9274
4844
3393
9250
9881
7602
5144
7959
8259
9737
9665
2592
3400
7370
7317
6537
7387
2105
5087
9861
1641
2027
6669
5476
3647
2200
7944
5801
5900
819
4975
6635
6014
1451
8436
2786
6314
3280
3273
4463
634
7568
9518
3807
1216
2539
1938
4705
5261
7150
3274
5687
8631
5065
5084
4008
8847
6096
8379
6812
3487
2518
6805
6516
4739
5659
6114
1084
5893
4961
5201
1152
3084
7139
4777
566
4423
3983
4269
2423
3786
9626
9934
6835
2980
4952
7312
3186
5230
2441
7822
4299
6297
9266
484
4964
3634
6601
103
1391
5159
3043
7041
3722
6721
3832
7323
7103
9127
2072
5982
8519
7697
3895
9363
3196
8289
6708
7741
2809
3380
3707
884
5093
4489
4426
2833
4075
9122
2891
1243
9695
1751
2686
9242
7028
8578
6728
3699
9730
2725
363
6171
8024
8101
310
8969
3514
9197
1430
7268
4682
3212
9583
9330
6953
428
8444
776
8315
3358
2785
8042
2225
7520
4061
2226
2605
6094
7386
5798
3142
1169
8944
4306
9472
265
1896
7575
3403
6524
7865
8117
8900
1144
8798
9625
7228
4281
9681
7348
1147
2367
4286
6242
6941
8883
7224
4547
5212
5928
2300
7952
5888
8751
7012
7090
3401
3768
4774
592
9795
7683
2140
2403
3025
9777
1174
4151
3710
1328
5747
4533
1109
3333
2748
505
8386
4319
172
1639
701
3059
1123
8171
2824
3789
1907
1437
3559
9811
9047
3862
3693
4859
3435
298
4681
2742
1785
8679
144
659
5994
6751
6332
3330
2682
5849
6508
4200
5328
2236
440
4367
6791
8610
8070
3802
6840
4925
5497
2745
4735
4440
8948
7091
4578
3506
21
2254
4927
9909
1867
5327
514
8283
9557
5985
2481
5124
7793
9507
2564
1116
5468
8005
9591
4862
9997
9261
1850
6417
4878
4569
1576
8268
9669
6572
2823
2138
7668
3939
2737
6081
7009
8765
1531
5754
3678
9374
6425
5494
5848
4250
5487
3927
2775
6157
357
5722
1097
95
6069
3206
4505
7509
4051
4834
6238
2612
9693
5765
4550
5393
3042
4432
8742
751
3037
7423
8277
166
1104
5348
3741
1007
3411
406
3666
9228
1828
1552
6179
2661
1314
2864
8489
2927
7977
8205
7954
9700
3795
4055
4135
8918
6330
664
9447
4261
642
7099
2991
3476
3589
2846
1682
7169
2014
8987
6125
1935
991
1361
8424
7299
1584
7133
6217
2031
3023
4983
9748
7861
8399
3952
8970
4787
4275
3844
2312
653
9715
7427
920
4677
4733
8573
4038
3152
9099
5633
5777
2758
1030
9738
6261
7356
926
1245
1515
9154
7803
7725
3433
9852
3845
9876
7334
1426
8216
5880
2049
9207
2729
5482
645
6534
4332
4839
3905
2079
506
6148
8298
7681
8412
5850
8151
4711
2568
725
4702
842
4437
9045
6294
4069
7018
2947
1908
4926
1487
5514
1264
4081
7670
8542
7698
3637
4056
9036
396
8713
9137
6755
1089
7291
9877
1980
8995
3296
9915
7096
2107
4904
5372
8108
4400
5505
1988
6464
9300
4094
4181
48
5821
8319
3848
7487
9100
6347
3381
7378
2245
1797
8636
8632
8043
8668
7480
913
7048
3095
7933
8666
9893
2536
2624
4877
4335
9056
4211
3858
8232
2298
7296
5945
53
2096
4634
8200
1553
4060
27
766
7565
2001
6549
770
5316
9438
1244
8850
5424
7166
489
4238
2847
3756
1913
5668
4160
6003
2238
1298
4165
4501
4727
2179
5280
9835
9285
532
9369
245
178
9212
67
5287
9572
3457
8224
7829
6778
5725
6223
8459
3370
9568
1000
5884
870
9921
4037
8353
2047
6726
2961
1090
9752
8095
2160
6809
3810
8464
622
5157
9014
3568
1801
2651
8210
919
7635
2101
3824
7599
8321
6305
4337
6212
8905
3483
9085
8581
9624
9910
6100
8822
8387
1127
5541
7443
4140
3516
6701
143
7654
1183
7783
1348
9324
1786
8809
9941
6479
6129
3950
9372
803
8738
6350
5510
678
2640
6264
5896
4897
7863
2082
3812
1293
3062
3387
7994
5180
5601
5793
8030
6823
9724
4794
8275
5225
2673
8081
4381
8243
2873
5082
8904
8007
5200
2497
3704
1706
7283
3220
3625
6588
8606
8335
5523
4761
6979
3574
9436
5428
4137
6868
6468
4435
5126
875
3549
7492
6372
2650
4920
4792
8648
3413
5518
3913
9377
4354
6968
9710
8707
9089
6965
2377
5715
8803
3576
2317
2270
9291
637
3391
1236
7904
258
6200
6905
3459
529
8923
9646
6112
2660
4018
2607
7211
6164
4043
907
1051
2694
6199
8461
9898
8882
9098
593
2778
7708
1145
6419
6093
5638
2429
2567
4811
7315
2875
9382
3372
4179
4916
7016
200
4428