12812
7401
17601
7443
6416
15378
18636
17474
14307
10088
6286
8950
19837
15807
855
1079
6332
19388
9785
823
16872
1974
19476
19338
14881
6633
9322
10384
8404
9967
13689
9753
6456
5139
10770
12991
16421
6133
15493
19457
12072
8453
16024
12522
10280
13229
16828
5387
16789
9123
11364
8190
18339
4685
11309
16259
17489
4083
10900
8106
1899
17710
16943
15686
872
8308
16727
11188
1434
11055
3348
10262
18170
2833
5835
10835
9344
7082
9707
4667
6874
11260
7948
1720
7171
3749
8772
8637
7027
12280
16979
5961
447
16416
5737
7211
14498
4807
19168
10284
1141
7985
11513
6546
18484
8787
4874
2005
10455
7491
18181
5155
10409
12298
19618
14864
16879
8481
14888
10142
4997
274
19725
13844
18154
1312
1536
17227
9638
851
4118
10881
12038
6326
18870
1574
19510
10703
6812
12569
10419
7594
9683
8974
12755
1183
18799
10106
16497
16352
7145
8656
1471
10032
11467
5276
18310
12047
5753
19667
1494
16721
14575
17862
18756
5239
14808
10316
14158
9619
12694
690
7425
12674
17632
4706
5406
7647
10293
2529
8860
5971
1114
7245
11984
15963
1377
12408
2111
8174
3227
3378
12728
2272
14423
9029
120
17903
10380
18167
3315
12405
15120
11835
12750
3814
18064
18572
102
17820
11009
7090
3157
2341
10847
15811
1667
9979
9580
19277
8258
2231
6769
7644
10683
19479
5390
16120
2250
768
4698
1900
773
11369
2924
18358
14170
13093
18408
4286
7272
14315
3060
9692
15614
12608
5810
12630
10765
11656
2273
4547
2380
7988
6635
18159
9103
19489
11173
9593
1382
948
17842
19507
600
2778
18884
17805
12863
2910
15427
4240
14265
10590
7719
17080
12891
17596
19748
4249
5360
15723
15762
19959
4257
4178
14521
14067
1881
8975
12428
17251
7258
4773
10509
4819
14478
5968
16889
13470
10294
17426
1321
1706
7121
11661
6452
13593
8050
8508
5141
15967
5401
5738
9191
17254
1940
1817
4514
12922
7816
7096
19092
14710
17317
12890
7436
12088
15909
9501
1596
7484
10886
8977
1406
247
8591
1675
3407
1996
6265
19573
24
1136
13288
11788
15885
10111
13959
11523
875
14790
144
11062
15183
12721
10082
19919
12028
13312
2882
10297
11435
14486
12316
9871
8752
17201
15924
15048
18107
14369
17612
11789
4849
1608
3083
18530
11792
11390
3249
15879
19174
10231
13601
8393
14517
16313
1698
13637
17834
15749
10178
9251
9408
8958
1493
12822
607
4646
12310
2660
7878
15036
12488
13352
6403
9315
12534
1607
12351
11335
6572
13344
17964
11532
9826
3879
3948
351
3817
7423
6222
5392
6118
4719
4902
12994
8318
6582
1571
9357
1118
17911
9763
10381
16665
7139
8128
13730
11605
9540
10950
493
334
8479
5089
19965
2390
8527
9905
16167
17430
4262
12565
10844
18939
2853
168
18301
14476
7393
6932
16638
3187
7185
18246
10930
1543
19395
11200
19209
11269
19868
3413
5200
9140
18396
18204
17743
12959
10441
14211
8748
14838
8988
692
12167
19229
17757
3470
9530
11130
18700
6234
8359
1873
17891
5098
1708
2378
8348
15764
3739
2196
7036
396
3022
17392
3623
13015
5687
10275
15507
6837
16843
7228
16701
3059
16156
12670
19027
16573
13448
13422
16667
13876
6293
11041
7190
14474
5972
9368
16404
9999
15583
14363
685
8088
9521
7482
15588
7374
4051
12878
4628
16886
4633
19497
18511
9751
5015
4392
6291
2244
5985
11020
14205
8992
559
15506
16768
9270
1645
13433
352
2764
11521
8250
14159
17821
13994
13242
17955
12992
18595
7317
6455
17830
17729
9604
14085
5801
365
3664
12380
14366
10319
10340
14535
15326
4413
9901
10623
5794
7076
15976
14782
11821
1152
9913
18494
5637
4675
460
9762
2832
6092
9836
11380
8624
5866
10403
172
8203
7643
13284
4334
6338
6172
1774
2998
18576
18076
11312
8161
16678
16733
9388
12037
5122
4267
636
9038
3374
14619
16775
4388
3463
4462
12308
5860
15455
17012
4396
3621
9248
9562
4425
16713
2408
11689
3888
9375
2827
15101
14706
1274
13803
8324
10305
8041
17623
11572
7539
12361
2912
2711
1871
15713
19811
12173
10052
10636
19300
6063
16536
1477
5910
7548
4784
1840
18962
10795
10364
5665
9488
16672
13496
5338
2685
16622
4810
6748
16454
13618
3
10948
10430
7752
3904
19718
9625
3162
15404
19194
19594
16132
10371
19427
16252
2374
9131
624
12978
16142
11544
241
2488
15504
12802
7176
15412
2939
13215
1897
4703
7237
12673
6981
10011
6364
2658
3580
7879
13576
2860
5476
1987
9733
244
8071
5389
18853
19154
15859
13275
1909
19458
6307
19922
7555
18152
13195
9404
19562
1597
17518
5211
15320
1456
7487
13717
483
1371
13787
8698
3385
2222
12555
18709
8722
6318
14289
9225
13370
17362
12805
12507
19743
16600
12929
6960
15154
11298
5696
18984
372
4711
135
655
2020
16494
14703
14001
1419
16258
19090
828
9072
9587
3357
16355
9631
2098
8902
17575
7109
16615
7267
5930
10774
11035
652
15732
3123
16862
12017
14822
307
10372
7684
3729
17547
10917
16464
10399
17654
26
13797
3640
10564
5782
10443
10574
10259
18040
11942
8793
6097
18264
14100
7301
13879
2782
4988
3560
11036
10997
18851
13565
15340
14248
3743
9703
18671
14065
4904
9697
1586
10153
718
17126
7231
17035
13896
207
15153
8377
478
13383
18282
5581
10022
17082
701
13505
8431
1340
15755
10164
6926
15382
13703
18683
9981
7195
15406
9298
9495
990
8167
16191
8548
5055
11841
12337
1533
14804
7253
18544
9200
2813
11601
19415
12437
12184
8573
19501
5167
15803
5886
9308
9802
17011
16556
7266
3119
8869
7747
183
17750
5588
13158
14540
6673
8535
13232
14398
17370
2469
15250
8476
6917
7441
9195
4682
2523
933
3118
19767
10667
14583
5675
5624
17536
19918
19675
759
4582
13113
3620
2445
3057
10083
16956
1913
111
5891
3809
8415
1595
16512
6875
8306
881
574
5683
13854
13643
14148
9105
15018
5559
7528
16427
12592
10599
9832
14633
6304
12759
11822
16414
3862
16015
1112
16455
11938
4338
16772
2302
2941
12224
17932
12657
10039
16871
3854
13950
4980
11189
5278
15535
1529
8900
15547
7282
15203
10548
9704
12198
12762
19369
14536
15887
227
6517
4592
7596
8564
9239
13498
17441
6135
1309
19853
3209
1198
18340
3222
14567
3134
10234
9627
11770
8180
12824
11530
10877
11137
11711
10625
12748
15065
9260
14200
18960
17671
12558
4272
8299
3543
16685
16063
10607
12199
494
4340
9132
8102
1408
9013
12493
18793
18376
4526
4157
346
16144
3228
19632
7023
5939
5541
15949
16999
7736
8710
3099
6620
17159
1603
11061
9973
18662
10125
12781
14413
14785
14124
1401
7367
9635
2683
6219
11002
14391
14741
14236
15914
7274
3402
12314
15996
11653
15442
14011
13953
6537
7327
19650
14125
10705
9112
12132
12747
1255
8823
14788
927
13690
4009
3003
8861
14207
12245
15783
17531
14346
10252
17562
8434
17167
6938
10018
10130
7651
11415
18645
2015
1302
5818
10719
11246
12367
13913
19530
11495
7293
8219
9473
8264
12128
14564
6461
10464
9188
1558
8976
14786
11163
12712
13359
9670
1790
9276
4352
9858
13292
2485
14634
17046
14424
2455
9650
10568
16368
16408
4931
4528
6171
9454
7135
18266
19052
17313
3964
18077
1395
15766
9052
5348
10096
15015
9202
1009
9265
10503
16133
13387
6386
10369
17831
2085
19370
17618
18241
8292
14326
7323
3077
11060
18489
6638
6667
16098
17850
11497
15216
14076
9500
16942
7738
1064
13120
14513
15804
18466
7091
12138
12404
10604
13289
8040
1074
5770
2781
14318
7011
2973
9075
17896
4982
4659
16684
1542
3909
1512
12395
6215
19983
19897
3203
15253
15257
15285
2214
5054
15668
15286
2505
8464
11559
14910
15948
2525
13858
11730
10937
6317
6562
11995
1412
11112
18906
4489
13291
5466
15367
12734
2128
7375
9528
1866
12213
3383
129
3688
5952
13090
19802
18342
12212
18372
18965
10586
8541
12885
11598
16882
7830
17412
10422
16690
19179
16897
13681
1513
16369
6732
8416
10749
6361
438
13623
2538
9617
303
18002
8929
6739
3576
5514
11373
17799
9928
8915
3546
7545
491
5468
18741
12071
17538
8587
7280
19234
2039
9350
14609
15219
2040
4106
1955
275
19272
4446
12826
19629
17510
5674
14323
19862
19119
2532
5013
15918
9547
1557
1799
4379
2186
1654
18917
83
8843
18772
11093
10771
13971
9678
16937
10335
9217
17163
14241
9518
14641
11267
11249
8808
7330
14000
7029
3851
4857
13921
17653
19951
9561
572
19417
10634
2569
3780
3130
2043
12828
2550
10889
15450
2399
963
11721
8235
13995
6486
8448
6298
17242
16858
14129
10292
14997
18063
8553
11270
3052
12512
5217
3299
13770
16343
3188
14896
10809
4181
15898
892
10141
2527
16055
10139
2443
16224
4707
11583
13091
305
2484
3933
12975
19482
8876
7701
6378
18222
5137
8638
11461
7407
17245
10427
73
10633
13664
9667
18429
5863
15990
16803
9764
10420
10561
6089
9354
19210
3505
4169
837
11832
3359
292
19823
11308
12600
12560
5220
15127
17458
9109
348
9497
3979
5495
7478
18186
18665
18693
10070
14365
18629
1681
13898
14852
14464
19961
7042
2394
9379
11562
12220
14456
10302
9313
15543
15505
15160
8895
10699
170
4776
18952
3447
7882
14983
3958
15821
2183
13726
6525
7279
4129
2434
1562
42
16118
17300
16195
14615
3885
1803
8742
12692
536
11539
16802
17620
3381
14640
9206
16833
1429
5314
16322
13686
12875
10085
5747
11234
16452
15745
18891
3719
7524
5301
10273
17687
19685
5050
19991
19833
18146
5977
8411
7346
5634
19524
9927
4019
18453
16907
2203
6975
19503
9367
8798
6283
7847
11622
7562
12669
9069
2894
15014
2068
18570
9017
7453
15454
4651
6695
9660
6221
19738
16304
3721
11763
17580
17871
7459
15037
9363
15893
846
4506
2677
8214
15370
3092
6359
18042
6245
18125
18910
6922
12825
11122
10939
15302
13657
11023
19019
16694
2026
1777
257
526
2718
2859
1351
11725
6746
15604
13772
19585
4953
10785
1077
16692
12054
16005
16855
1732
4951
343
17255
19285
18993
5819
13160
7989
2171
17236
3771
7783
17273
6793
11346
7429
6749
7275
12391
16436
6421
5888
4974
399
1428
18106
8651
5336
18681
4065
7062
14903
1130
13936
6040
18124
8410
19504
1798
1898
19712
1331
6001
14763
9234
18753
5412
19100
17999
7850
19461
18989
4882
6260
17461
8147
833
5214
11001
3223
10379
9355
12682
11469
9844
5694
2265
18218
10176
36
19010
2679
10658
15676
6845
10055
3140
14854
16122
11404
9485
11492
6067
998
6002
4822
4478
510
14195
15385
12454
4048
12160
16748
8779
273
11842
12584
8173
10539
18611
12157
13507
14407
12350
19281
19304
2237
9476
474
15323
14805
18940
12901
10030
12189
11790
5931
8957
14803
9716
18465
17204
14792
4225
17555
12164
16987
13267
6393
2002
15112
10893
8692
5593
9249
16793
9180
15824
1365
1578
2024
19596
11486
13060
8021
10992
16307
9096
16996
11975
7817
14218
15165
7798
11996
6363
2083
18447
15328
5519
12607
14338
4829
1544
12181
900
5691
13560
6687
5236
204
17233
12320
9630
2091
6686
19759
2702
18454
3873
12252
268
8634
18574
2349
16797
14345
10818
10512
3681
1787
11976
10806
7233
1132
5450
1524
6473
9389
17556
1423
15299
19175
4362
13308
12373
16243
10352
19937
18996
18971
3723
19046
1022
15381
11484
14339
2512
6391
17272
11631
9224
6480
13305
730
7345
3588
16469
8356
7825
5280
18008
11638
13153
12695
2410
12678
13412
16222
12605
17627
7704
4864
17022
16424
11119
17853
19566
1804
12374
10489
16510
12139
4074
66
5746
1964
3335
15487
1743
12953
16317
10424
14527
17339
19778
10736
1839
14432
12904
1982
7173
13159
17173
3167
19977
10962
6982
7688
18767
1117
19774
6897
6006
1754
7403
13123
15025
16149
8944
2367
212
2448
6983
11243
16309
6091
5399
15931
18346
11733
3319
15005
7837
2229
6613
514
5616
2044
11343
3075
3200
4398
7854
9093
6076
18253
10433
5754
7075
12641
13456
6706
5028
19783
2191
8818
13602
15934
14488
17350
11133
4662
3797
7278
720
10745
9043
14105
10714
571
16966
10137
15287
2746
5365
15158
19984
4410
11529
10508
5320
226
8275
15298
11563
11950
3213
17739
7181
14586
17768
12066
5226
8717
13471
15089
17933
9575
11101
16415
5940
10827
18094
7010
15169
15316
2909
18251
12266
4487
6867
9070
18893
1528
13201
1715
11418
29
4220
14382
2219
4260
2890
5404
8189
6491
9430
17701
3416
165
18100
3048
12196
17571
19152
1773
8569
9334
10145
19478
16712
7950
5828
10282
8368
11639
9148
17004
14791
531
1537
17395
17379
8216
15736
6347
1073
12237
1656
18377
65
18677
10682
4938
4349
7136
6466
19273
11654
18704
7949
19446
14548
17247
17847
11514
2872
13029
11419
913
4120
10391
2019
132
5087
15548
5128
14046
52
6120
9893
13067
4155
3069
18477
6931
17790
16110
17585
7458
8033
17151
4683
19192
1879
3461
1245
6474
17672
13541
12835
11236
13455
1442
11245
14898
751
13961
2991
14735
11266
11307
3941
9847
2259
14383
14066
4369
19505
17866
591
8186
10887
4851
7920
8640
1958
10093
19639
5554
12382
11428
8610
16844
14849
15334
13940
6039
8754
1334
9688
1026
2013
16220
2465
2637
10353
4291
15078
17424
16717
13369
15461
16080
3876
16248
16504
15573
10721
6259
9214
10270
4845
11871
11078
9609
8477
7457
18059
16009
18689
2132
3624
785
3133
11515
3742
3896
11576
13655
4356
8378
3802
2369
8768
3318
11007
7722
13822
3080
13419
2210
4570
7974
8707
74
7013
6907
17968
2665
14156
3084
14181
4138
4333
14819
19688
15168
19671
7150
16911
9791
19070
17385
17157
8577
7993
14769
3067
16538
12970
15849
1952
6626
19953
7563
15208
19776
9817
1207
1914
16333
18591
11767
12985
18512
13781
7038
11538
6348
15496
3870
16145
1196
15728
12774
11662
19140
8726
18625
7152
518
10754
265
5096
13332
18748
5966
7160
7254
18434
16576
10726
2232
9772
19820
3456
15043
3984
1453
17303
19050
736
7681
16642
14993
9484
14030
3993
14929
11933
12553
3796
11233
18881
5449
14596
15776
12371
13354
12855
16887
3013
6316
6676
8955
12811
4075
10406
17382
16394
19647
7995
429
17044
3027
7486
11420
17229
15261
19997
16108
6388
7196
6302
11239
8248
19950
19220
1819
11315
15511
2487
10567
13468
16107
12387
9068
12703
10836
8735
19089
16686
16972
8342
8023
9393
13634
2468
10901
5493
12282
17287
5262
453
19612
6823
4600
5061
12509
6033
11285
3089
12477
5724
6060
8712
2748
6025
5601
15228
6344
9926
3895
18314
2450
3712
12654
13219
14414
7531
6196
17060
19906
3765
11324
13414
15419
9740
5827
12562
6052
8599
13342
11824
5831
3795
16213
6134
6051
19824
7333
16693
8468
11925
6440
3323
18417
5647
12525
18312
11791
5603
9045
610
13992
4485
5769
16780
16563
446
5922
5163
18334
5651
5535
17864
3019
7741
4098
16893
13483
3151
9936
15812
10525
12936
9768
1384
17505
15353
1835
9850
10002
6475
15379
10456
9833
18435
6714
11511
16548
6032
5308
744
5471
12163
4160
13963
6599
12645
2296
5363
12574
550
3860
5140
11935
11169
4277
2849
14458
18136
12903
544
10320
6957
3370
19644
3182
13355
7709
17591
12418
17560
15709
5640
6350
6721
11704
15540
16042
12887
17995
1868
1489
14800
13595
9204
18103
974
2187
12983
5708
9579
3325
17123
7172
6305
10310
2883
3616
13212
2693
16666
10641
9242
5905
7365
8066
6224
1403
18348
1039
10642
7886
1484
1372
12947
11361
684
2840
3849
14544
9565
4713
12821
19910
17433
14610
16375
13121
5897
14874
9108
13868
4762
1243
490
6200
4182
18491
19059
3005
8301
1463
9012
15876
14056
4196
11543
188
11554
8561
13737
19732
9282
4599
15359
12476
7510
6243
4167
14479
17854
13819
10323
9417
12040
153
10875
14938
5414
1056
10109
15111
4808
17829
16135
6198
17702
508
4571
15212
1242
7602
2654
5571
3647
7954
1975
17599
15477
14256
18015
16425
8870
12107
18999
2688
1653
13839
3426
13261
7636
9984
5762
17183
2095
18374
6213
8852
8800
4598
9613
19907
12193
1995
5018
15119
9838
8829
2256
15743
12843
3218
19378
4123
1934
17149
3009
462
14608
19746
1108
5247
9482
16285
6700
13100
9773
1746
11198
9782
9793
7669
3947
5227
18277
11914
12634
3821
12312
17749
2592
3626
18928
19409
16165
10575
4507
9250
6893
2734
12664
8012
1841
8858
15594
4328
284
6551
6
9463
4477
16719
3707
6585
1600
8398
4343
676
8380
5579
18902
3445
8310
11313
8035
2322
7585
7604
8702
13479
15690
18815
4008
11223
13656
2722
8985
7862
2163
12615
7378
1532
4492
13427
1417
13299
5933
12368
6737
18518
10762
6971
5186
11762
17090
13157
1547
2657
17144
14167
14776
12499
3338
7360
5071
3718
7642
10291
6137
15602
17573
10476
15231
15434
11379
11970
16078
13667
14797
13855
9412
3671
3478
4831
4335
7877
12563
3689
9696
5820
14681
200
7537
15862
7890
10545
2966
2329
15568
17949
1870
17852
19710
2205
19797
13162
2021
12746
1076
16742
19697
6802
16178
10940
119
14669
13096
12941
7911
5060
16406
7806
5701
4448
19301
5662
2783
12663
310
18682
12026
7507
17972
9715
18022
5883
11161
2249
17398
17268
3049
18034
13450
8293
12925
13040
19780
3945
2357
1407
19305
11990
8345
10217
2874
7003
1685
15213
13362
13006
4479
19584
8166
19508
15538
14350
515
5023
10834
9201
2749
17002
16140
14016
5354
10182
1327
8655
9127
4993
6538
19451
13633
17746
15042
8030
11052
15796
6670
13522
3955
10473
3388
11037
1848
2686
6268
7219
15413
10955
9053
17927
10605
10195
19790
14417
14130
14415
1060
13151
19750
267
15068
2486
10865
2338
16757
12113
8855
13467
19635
6129
19313
4052
18471
1742
6415
15708
10945
16496
17682
19879
10591
5509
8487
4887
7297
17393
16011
4763
15746
13849
3977
6407
1124
12473
16340
11211
4681
19373
5170
4329
12064
18160
10184
7103
7232
3086
11626
16264
6390
9582
989
6910
9523
2925
19775
14441
6209
18945
9841
19396
7895
7480
7184
18578
15566
7630
749
12723
9682
6489
6722
1850
13825
15784
6280
14254
15352
17775
7059
18244
4546
9916
6882
15471
18455
2456
10701
17666
11764
13174
16038
9730
19171
16608
15029
9436
663
3763
9960
12680
3936
10906
9556
5388
19061
6301
1582
1893
18826
11745
18168
5735
4470
19271
60
5996
9211
17681
15346
9903
11676
2495
139
6909
8052
19355
16939
5560
7099
13092
2234
16489
14526
3798
13430
11922
4066
8339
1421
17726
5430
7165
7242
1992
10194
18784
15757
5722
8936
3757
4256
2522
588
15622
17437
3565
19444
3800
19858
1849
4108
7818
19296
9917
12111
19704
344
13882
2145
9111
8580
695
17865
15725
5303
11083
16329
15386
13221
8085
11969
8067
17194
7251
13326
5311
8721
14286
17906
4578
10848
17808
8753
1337
19431
10218
5849
18274
9309
3438
13713
12131
171
17649
10138
5816
7105
3791
16933
17913
1767
12106
5890
13653
4694
18336
13128
13258
7575
4021
11204
1454
6152
9253
5501
13767
8279
10717
3967
1184
7461
16160
6175
3403
9778
14991
12658
14960
8179
15024
712
19807
16383
3548
9607
11814
16762
9232
5576
12861
4779
318
3237
9904
7326
19120
8499
14503
15361
3919
6345
7683
7194
15683
13577
6381
12939
9502
4658
9114
17466
1624
18738
6300
19582
12119
7262
5090
2715
10024
14969
14438
6220
6368
6692
7499
16225
17714
1845
7832
19673
10236
3923
17148
8725
9828
17893
1301
17165
3929
3717
8804
15648
10632
13257
11028
14477
17953
18053
332
513
14639
18792
2949
19969
19962
14213
935
2105
6835
15646
9259
2788
4295
14389
7513
14368
19096
1173
17758
8069
1863
17222
1722
18608
19294
6499
19687
14606
5843
16728
9011
4968
6353
2022
2209
677
19292
8510
11833
11138
19047
7553
15021
374
13659
17208
16163
17252
15234
9179
9032
2817
11635
9977
12423
1733
9756
11016
10033
17527
7983
4002
6734
11303
10853
16585
7193
2935
5507
2552
14426
9402
3976
15947
19499
1125
12081
8969
5441
5165
13791
16807
18547
5896
6988
19310
7796
12311
4094
9099
17118
16859
1786
16166
12997
4243
2684
1535
1409
14675
10314
18380
14166
12390
10617
12785
9664
14171
6597
10859
9433
1985
7255
217
2240
10475
2138
1609
3107
6145
9863
1852
2264
3850
16019
5663
19627
1487
2876
3893
2508
9373
2922
2616
1784
2768
5494
8169
3740
2086
10377
14174
10296
943
11289
5052
13410
12000
14919
8265
5547
12758
12487
5583
6202
209
12460
13300
11915
7431
9387
6021
3199
16795
9594
18585
13567
15100
2212
9919
4304
2703
12598
18046
7572
15003
14757
91
4213
16561
9514
5812
16487
12633
12294
19786
17908
9737
4827
626
17193
8729
634
7549
19066
17207
15357
2200
9725
9706
2577
16134
16059
6665
17923
4480
19502
17817
389
15149
15171
17504
8964
10000
15758
6373
4676
3534
3371
18868
6113
6540
1792
10867
15481
15358
16524
10363
11614
225
6534
15532
12363
14594
815
11856
5844
16478
17840
1538
11178
11425
182
14649
10400
11180
6150
11581
791
14094
6564
6979
17405
16169
2431
18983
8987
16257
8170
1705
11829
17293
19381
4366
2384
16718
17034
7682
13715
13907
12909
5045
13463
2967
19339
17021
14807
4725
12951
12573
10769
9400
15142
15672
37
10269
5199
15866
7777
14612
16431
11176
19947
19057
5582
8891
18517
13684
3987
19322
10415
8982
15260
15624
2904
19113
5458
740
14818
7515
19517
16883
8198
9222
17026
15889
15175
18816
19816
16123
6619
12933
3242
10426
5008
15263
5419
8176
18914
17446
4348
6558
6547
19407
8827
808
661
14412
15397
18655
2084
377
8251
2253
8962
1366
9442
5435
3567
2617
11206
3978
8335
14114
1476
7672
7582
14751
14562
17337
19752
10368
14386
19088
4704
2507
2804
5382
15407
11351
18843
8731
11014
15946
14080
6800
19122
13978
14708
13416
15883
9162
3493
17331
12051
13672
1623
5325
3834
3252
10163
3970
1699
2565
15490
5001
18666
8578
7080
1052
10404
7694
11356
2651
13811
13426
12397
11897
1576
16172
4258
7869
11611
15903
15958
6530
5557
1090
7268
18729
8111
3934
16376
3047
8001
10656
12920
1844
1976
18379
8963
3644
7744
5317
13878
2247
12648
5260
2697
18866
18212
15592
17985
16910
8217
18745
4620
2478
3354
16598
14475
2062
8394
18498
7511
9027
10051
15580
8773
10146
16040
13200
16481
11106
8371
6584
5677
8474
12250
12649
14700
9499
7335
19265
1702
18286
9150
15174
14644
5572
6024
12738
175
2266
1830
18707
8460
13952
16888
6258
9837
3010
134
5469
14353
12981
16152
107
13574
14750
13379
3070
7289
3300
8513
10189
16544
1032
17484
9491
2979
11736
19007
3622
11359
14668
7624
10803
14449
7781
8259
9205
3035
6528
2161
1314
1988
743
17486
10090
14024
16344
11819
12652
6759
947
2428
9241
2358
5631
1271
12779
19754
15420
16597
16682
2397
4642
7673
6241
10622
5465
6132
9218
18219
7494
9059
13614
7058
11213
8065
13307
17878
502
3148
15603
13462
4648
17860
9078
289
18173
12949
638
17914
18079
19332
18086
13301
18000
8984
11859
5698
6730
11374
18178
10989
16472
19201
19252
15627
1986
3063
9935
18275
10463
375
7516
15618
5959
1350
19386
9007
9374
17628
12557
17416
9416
6863
9288
2622
6239
586
15327
16779
11378
19708
7842
501
17785
15325
1906
18217
528
19559
12083
9451
14657
10179
19678
16025
3241
4767
8458
13944
3629
362
17559
1169
19993
18245
14661
12612
861
8583
2471
8993
16521
3570
17675
10047
12326
18051
9274
16306
7742
9054
9985
3491
2720
17976
7061
2795
19185
13171
11408
9825
5795
248
12786
3865
12450
14756
13259
14942
1880
4965
12867
1998
12540
4109
17248
2811
17528
6884
6498
3256
16086
18357
11030
8383
19410
8981
8633
12877
19883
13520
12765
16186
11472
3790
11728
12049
17434
17178
11588
7633
4306
6795
10429
8471
16519
18268
15368
96
5545
18383
13482
16418
14693
11157
17801
8077
17780
415
4971
5846
19538
10172
11667
10515
2513
15673
6560
9301
17407
7970
7544
9987
16266
18412
3785
19829
13065
18586
12524
16395
14719
4777
16863
12974
10608
434
8403
4235
1338
3224
18744
5538
9809
2153
2636
160
2895
10783
2459
15436
2842
13391
16765
2905
15502
631
18457
8199
766
8414
12180
2907
11591
2460
16796
13180
19763
2889
2177
489
8006
7007
4319
16582
11592
985
12207
2745
11179
16592
1191
10569
17752
17457
11205
6208
10324
4101
16359
10004
13976
16804
7667
8139
13838
4119
8420
13917
14418
9395
3431
19000
2542
14377
16781
181
4569
9456
15775
5474
727
7599
6343
19551
10858
2514
19608
7790
13935
18652
15899
4608
1137
7271
18327
4548
13984
10536
16214
16798
2992
7497
18599
4029
13028
8146
3100
7875
11619
15241
12136
7127
14273
6806
14434
19911
6492
15430
6248
4131
14367
19646
8781
19904
8323
9137
16816
16443
8384
423
13579
11560
13968
14559
3920
6685
15125
3125
18459
15977
3614
312
1394
19228
382
13857
9795
15197
16835
12056
2310
12531
9461
2308
10779
18404
6950
6888
11277
9897
15782
2170
12001
4054
16420
16922
16105
17401
7649
9285
7174
16562
5730
4195
10674
3752
3411
4795
9611
6818
14579
2075
7044
18580
6605
12080
10760
439
13111
2388
8648
8830
18337
10298
1642
3215
9424
18646
3536
5039
697
13205
10333
6351
714
282
3214
11669
1122
16342
211
15691
5955
10727
16505
16569
6275
9228
2944
2202
3828
15938
2220
10958
18433
14324
9176
10573
2753
6165
2287
417
1089
7347
4058
14264
2184
10742
5426
4190
14601
11590
18470
13216
2713
394
16952
9886
302
13104
11458
19715
12967
9275
12924
7969
8037
9679
2081
11620
15439
5407
15052
12466
10677
3526
5306
4318
10079
7483
13012
13134
11686
7807
8338
6244
1867
17588
16881
3421
10589
11876
1424
5942
12401
5872
9487
11283
13223
19143
14867
18577
14238
19865
19054
2306
10953
11096
656
13744
12660
18699
8627
3562
14850
8238
11907
19390
5423
11867
19397
9845
4568
18422
481
7749
14753
3547
797
14539
16072
34
2348
14748
11719
2604
12973
17015
4544
15957
1253
794
14718
4566
19934
4345
9141
15639
1027
11594
7727
17814
16314
14565
12036
4498
8831
5802
4783
3770
6073
10671
14457
8365
5241
4516
6423
2587
11274
14570
9536
3824
19554
12599
9824
3380
18687
81
17265
3017
12620
13085
1718
6149
15356
10763
7113
12872
19856
17788
3886
19243
4958
14028
3844
3775
198
15211
7564
7084
14862
18905
15395
2943
10593
10793
19681
7340
2710
5151
6376
732
4177
14909
548
5457
9236
5153
2099
17946
11555
5154
9399
4344
11712
320
523
13266
7438
11196
16147
13843
3429
822
15716
12980
6279
16438
8062
14090
6554
18794
10647
2198
17679
18546
4897
19345
19716
9924
8775
15694
463
8312
4315
18841
13272
9685
15902
8750
7391
16787
5527
14590
13115
1970
19583
14169
10517
15321
11489
12917
19132
10222
12063
9034
10578
14425
19216
6382
13980
9257
13247
15731
1751
9966
4976
19859
7334
16830
16010
197
15625
13916
10832
6941
169
14925
13790
9458
15531
1402
17579
16985
18602
3322
6237
1284
19777
16032
5611
17561
4438
17435
14093
4024
16767
14312
16679
14102
1510
17993
5500
12791
5180
3619
2474
2964
4091
8837
8096
4092
10159
4069
14049
12704
9223
18610
17858
14262
10959
10003
6648
2518
8491
9229
13552
5848
1846
15835
5174
4056
16493
5498
16870
10621
18609
10800
16696
12918
14512
5291
12982
2649
7664
18061
18813
9702
12100
6705
15576
1344
3552
8994
16865
15331
3583
1062
14201
19481
18963
13345
8769
8423
14185
555
11506
12977
12685
5456
10015
19521
17228
8923
14069
7371
18305
15510
710
8919
6815
12348
5295
11167
18328
1555
17971
16980
17962
13625
17330
14189
8520
14487
16951
262
6404
19191
17583
7822
7873
14482
19287
4043
8746
18232
9077
13649
17274
4603
13050
3882
12463
17689
19075
13327
3922
18452
7580
18416
11994
13320
4751
19357
2655
18401
3829
13848
8544
16660
4735
779
1687
9929
7616
6702
7804
7208
18033
11089
5372
15508
17549
4134
17812
13187
8485
4324
15635
13435
6865
9601
1891
6110
1223
10390
14048
623
16066
19819
9570
4970
8543
4039
8743
4441
1961
7472
4278
11690
12321
11965
4854
19487
19668
8118
19488
18514
12772
10250
18142
9001
6996
18478
3120
8501
3170
18295
10465
14940
14021
13452
3556
15874
7922
2589
16565
9020
19215
367
9516
18673
3373
194
9192
16902
17584
2199
15006
6206
5415
1212
12012
17773
13718
4969
12912
16643
4875
11483
3326
9794
19055
12236
4104
8949
16788
7542
2536
3582
11168
2279
13981
7114
19931
6008
10743
18513
11637
3855
15852
6465
6330
11813
2470
12902
1505
2215
15953
10315
17798
1936
17367
15706
3492
18797
17336
17704
11397
795
17530
2600
8663
16965
4137
8877
1728
1794
10688
3847
14229
12790
7236
16564
9440
5192
9827
15256
1138
7104
17283
10628
6870
5789
18260
3102
8115
15265
4038
17765
9663
12521
2063
18087
18606
19895
8600
427
4939
11149
7526
15136
9157
5760
8505
15115
13542
14104
8063
6974
14087
4418
1622
18281
11677
18473
8129
7957
18055
13262
4231
17915
4640
14302
19597
12536
18956
15857
10196
1200
4429
6240
6728
16984
12235
15240
2060
7097
19928
5377
7452
10991
4737
13140
9039
12866
6703
12360
8073
5857
14355
7144
18093
8426
14840
16102
5310
6990
1966
2631
19208
5868
5610
16961
12200
6580
16056
12247
12798
17325
7352
12394
17925
7118
5175
16398
13639
12435
19264
11579
17563
10224
10532
17234
16827
5316
4186
295
9693
9786
14410
123
11820
1379
464
5328
3818
3412
19139
15986
5506
2317
1163
9603
6190
18923
11754
14507
2056
2659
7845
14182
11456
3122
19053
13798
13530
7843
7356
14332
12005
7329
7792
10537
7396
1265
7373
13349
11403
6533
7946
17452
3229
6856
16946
4973
8563
19236
17629
3665
17537
1323
16771
13440
11498
7611
16229
6912
4560
16234
14231
1333
3961
16194
18075
8835
19170
14713
13748
14109
2810
19733
19303
739
345
1956
11556
12955
4281
2029
12820
11395
12882
11524
10220
11416
1499
7481
2530
5900
8018
752
8455
8313
7759
7385
13646
449
12304
15464
1935
11400
1677
826
10616
12656
5658
8024
4268
9449
18758
12349
2784
4742
9544
18620
5988
6710
3709
14494
13763
8894
6297
10926
19756
4283
18068
19656
1772
13458
17552
7123
8399
14141
2268
15456
12587
12427
8498
15960
8523
13539
16272
5257
17641
19915
6716
7613
1037
10229
18761
2918
12797
4833
2165
5438
11502
18878
15337
19838
13668
17636
11801
17900
14147
2913
2159
17020
15230
4577
11053
19728
3495
18562
4376
5871
2221
3113
14695
15599
8689
15651
13429
8999
17722
8075
13588
11958
11760
15739
11354
5915
16550
18163
19250
664
4580
3600
3020
8585
7942
13144
19702
14636
8016
10862
15452
18803
19102
4855
3679
2082
16568
8810
12358
7921
19289
15491
8898
19202
646
13973
17826
15071
5997
4991
12731
9816
8802
8112
17096
1886
7270
3890
19402
15751
14004
1550
17837
2299
8736
10968
13101
13451
6050
5029
6658
3853
921
12494
18438
16540
13249
818
2584
2982
16646
19945
13056
18718
5903
13465
15870
9907
16944
16084
11232
18050
18616
671
11490
17
668
19267
19755
452
1806
12799
13385
13420
8363
15841
8126
12942
8220
18968
4353
17616
4239
1468
2152
13629
6287
1282
11365
14720
726
19734
4684
2375
2839
14331
13721
4832
8092
8658
5443
7529
19840
15786
2463
10041
3687
5962
10343
7161
12087
3231
195
15184
11322
12632
5496
18890
5777
16339
1093
14546
17217
9646
1375
694
4422
13078
2773
16490
880
1175
16200
5020
2620
14844
19542
4385
9493
4282
7971
729
619
4443
19041
8594
13688
9614
7884
16014
1354
7471
2809
18451
19902
7131
5807
1856
12396
12438
7366
17361
5870
4133
11632
5650
12564
16969
16840
10255
3731
2567
14199
525
5385
3786
9898
18618
1316
19224
18399
18210
1689
10796
9445
18056
15229
12716
3114
5954
15428
3917
15391
3557
14637
14384
10679
4828
6168
3542
13680
16202
19683
18695
3953
15150
5880
7111
8662
8022
754
17818
1194
14722
15187
2270
13337
17134
7671
15145
4062
14343
15097
10431
19
13563
10691
1696
1042
6520
18182
966
6814
10193
2835
6496
2227
19142
2806
2681
19471
3930
12475
15475
15113
17694
10304
11286
9283
3363
18720
19900
12287
18769
6811
18199
19546
813
6203
17898
13105
15432
13628
12153
17600
2117
13166
8341
17762
6803
2343
12486
9937
18085
9870
8763
14097
15458
12651
9031
16286
9842
7141
17883
3313
7753
17548
16039
8254
2754
7583
15486
19034
8931
9796
4876
4525
16128
4749
4209
13243
256
7302
17206
4770
1261
3183
14904
455
5135
7826
5223
6246
19033
9164
4962
1714
15682
10815
8681
799
2033
882
12222
3292
18640
6400
2458
724
18192
8004
7918
1865
15808
17677
5938
10730
17822
11642
11934
10393
15525
8256
13789
6876
9394
17301
3265
7992
19172
18713
1971
9546
10614
5600
17095
678
10505
9437
640
11473
14009
19518
19439
4204
3379
6552
16364
14395
9597
18352
1378
6449
4664
15702
19586
11076
15805
19653
10147
9595
6776
12879
1267
1292
11338
6828
13556
16577
2780
18128
4575
12117
17332
11794
14899
530
5822
1965
17487
19496
14281
19822
3014
2645
9812
1658
15685
9252
9811
2
886
10681
14511
18721
18927
517
1326
11846
5256
16075
8549
4035
11860
618
15017
13256
10970
2144
10791
16334
13885
5523
2758
2131
19363
16982
11729
7859
7576
4317
1805
9862
13692
2956
6771
14235
11774
6352
2881
12474
19500
11314
9377
19996
380
16625
2605
9578
19555
9956
6724
11077
17707
13827
13808
18692
14032
7865
1617
16817
18615
16746
9255
13230
11923
14959
7888
5626
13732
5619
6383
13324
13182
19815
11430
3298
19696
637
16289
9628
6958
16325
8296
6872
9441
16917
3494
10918
11850
11646
3537
3971
13585
4086
2070
17789
979
2420
18596
15897
14502
2861
88
1139
14149
746
9882
1560
17394
13805
15034
12590
18354
7871
193
13632
12286
16471
12292
16877
9884
19290
7610
9428
12792
5543
7560
10507
9216
13859
457
13951
12014
7626
16838
6994
3029
8370
9563
15437
14317
10778
13785
6401
9421
2073
14220
5636
18887
11531
11750
4594
16894
8739
3694
9851
12322
10570
6320
1564
8225
7581
7098
5752
10168
16909
4124
17787
7260
16706
12818
17523
4439
7760
17294
5152
13794
15760
11986
1254
10514
2008
14990
14047
17425
14215
13313
3892
16590
9586
5773
1
6968
16532
662
4826
8845
6527
18587
17664
8821
12468
2990
1123
5197
1113
15632
3799
7115
6500
13831
17006
7292
9023
11993
4128
16868
9468
4415
15523
4146
6827
9746
16639
12698
19558
19766
12114
6396
4426
2100
10317
16709
3891
12726
12986
12906
19020
10242
2669
1040
6891
1739
3897
19963
14616
543
10385
2109
17136
11777
4572
3390
1534
19761
7557
3744
19144
3653
16829
10036
19400
13706
8495
16555
9626
14937
18838
15342
3714
1637
13357
931
9160
17349
15865
14489
12393
11151
459
19747
9002
5937
3735
19924
8469
6918
8446
18800
19520
2442
10097
9004
18501
11015
5473
2893
10150
13236
10846
3520
9481
10738
17935
17450
12836
8326
7134
5185
13122
6170
53
13131
9196
19623
10723
8232
16079
15928
5821
11183
4624
4609
19334
7415
9868
753
13866
5949
10240
10870
14520
19649
11478
3965
10966
15086
9774
18482
10308
11553
18526
8859
7547
15209
3883
5376
9641
16572
13613
14563
6182
17269
12453
5518
10382
13893
19835
4237
6229
15830
14002
10118
3518
18778
8554
809
17472
10794
130
5287
8183
18325
14980
554
4622
19830
14029
12270
1946
1346
4883
1367
3327
10444
5995
5740
4617
97
8417
14659
17190
6630
10781
10122
10697
650
7074
8740
9439
18112
17476
13277
11097
8236
6890
14454
11966
9314
9060
3944
1725
4649
17550
18918
5235
12856
16174
17322
11874
424
18439
12603
16809
6542
16417
3852
4408
448
12860
6218
13704
4564
1877
19344
16096
2386
1355
790
17509
6312
13965
2950
13449
10840
15759
10268
3405
3859
18284
6829
1048
5757
15030
11945
13549
14193
14126
10883
10603
15044
14059
7899
10620
15750
2648
15225
19491
17168
8163
13224
14275
10428
9714
13184
16453
9015
11494
2797
13607
8601
19625
10058
4476
13508
12809
10729
12914
734
4321
1878
14762
16723
19187
2671
5772
14943
133
148
2695
6047
18013
12355
7517
10878
19321
12053
4972
17543
17049
6529
6355
9553
9026
5906
3307
18041
15161
8978
3768
6181
19792