25979
4975
1661
44584
22858
34659
31634
10581
29500
16086
10049
39830
14225
4367
16061
20166
21841
1762
9002
39164
25742
9499
7099
22735
24530
42197
21662
10942
19593
34600
43360
35659
14139
14128
1111
110
26137
22524
13475
9844
7968
12468
19397
24866
8265
1231
10510
21532
40266
16914
17768
8375
26
20707
1444
10205
3910
14585
23714
40126
2766
25071
1861
35706
23436
35506
4365
44938
40054
6595
31086
31893
15512
12484
24042
23282
39859
16595
29124
3396
44739
7699
34398
11122
43079
12089
34283
30241
24468
32772
13705
29996
15419
7951
36112
2304
16844
10191
7821
7974
11717
6996
3430
5015
30901
39273
3804
33324
13058
29672
33945
29671
9633
5138
36349
4039
24308
9012
39037
31854
42535
25727
38295
28161
34074
5186
8530
1053
17782
139
41169
1773
19482
14660
664
17682
36332
670
34327
14994
2816
24715
30715
34596
31519
17858
18936
7240
39065
19595
12970
3925
13409
39066
15260
23555
7619
34940
44474
4787
4701
14033
25481
18550
8651
9041
31536
23816
24156
10798
35972
12192
16881
14902
3749
12539
32725
34132
11578
30622
30256
7889
30713
19320
27681
18035
32887
43826
39717
30224
8390
38377
2963
9995
21435
6978
1632
32077
27430
25975
31952
2090
43498
17241
14186
9104
26293
41068
35703
34916
39406
2605
27527
219
29621
11521
26843
26995
9973
35165
40889
7219
34214
36676
14512
31689
2148
29090
3942
24338
16733
1791
10915
14942
12552
40151
16792
25878
38831
28896
6514
36581
31764
37292
3108
10446
2609
13125
29145
31288
30343
28084
12381
37662
7140
10022
9436
23600
28518
38515
31245
17551
10545
20320
6030
40795
40103
10717
34462
5112
16355
41336
43025
29957
4497
9312
7952
11996
12336
19749
13050
24909
33672
23992
5361
43492
13250
29751
9968
10356
10564
6111
41669
44102
13285
23834
13195
20893
35013
41726
13066
13473
42063
29794
29651
43543
16833
9501
27109
28925
36864
24262
31269
29280
16115
23968
16906
3890
20172
44300
14311
33041
15279
20606
26280
16380
15708
17049
17010
6567
8453
10893
22807
26913
38400
35945
43541
12334
7442
14029
21173
10772
31781
33900
35708
34620
23530
32995
13778
29787
15787
25126
41959
9710
25072
473
33655
38546
26423
41281
13467
35617
32228
9683
1905
19357
41667
13936
21924
30027
33639
23077
23956
7074
29192
35650
44402
38532
29251
987
40788
36802
15094
26930
6714
24440
22497
7250
26258
24428
13386
11974
30500
35806
28748
31890
39485
31152
16105
4061
45067
32544
29638
31382
6681
13091
10441
43609
19350
40239
22997
692
13478
3207
1669
9081
43407
10164
18793
9083
42273
7493
11278
30598
37145
40018
28987
36732
5813
5741
9106
8501
1710
22266
22073
41348
19133
33444
18892
14132
6197
7324
24439
39776
13522
36408
17452
3734
17482
16500
5348
14271
15122
1065
21136
750
11688
1819
1454
20151
18251
16676
45102
20892
18054
6022
12380
22183
14057
23375
13638
22419
3981
26464
11229
8821
43495
32729
21311
18229
11929
9167
17881
8139
542
6468
17809
21926
27360
32585
33697
21419
4784
15824
33448
2701
35298
6502
5841
11681
25498
3685
37601
31236
16224
16727
9791
3588
31578
2990
4707
3496
35638
711
30821
10813
43330
7614
38932
26539
12729
7822
11549
14935
11635
7846
4311
12654
37392
15345
16791
8042
21414
22747
43362
21450
37151
24367
43614
41604
1635
26878
5064
34639
34741
28675
1530
12162
23409
39417
2031
5154
20649
7793
12419
40623
7214
14252
11266
28038
13555
5078
17028
44196
43291
19849
43714
32094
13004
20489
22061
11163
40035
27724
1648
22471
1605
40456
9367
41131
25600
27526
17569
8039
33256
16476
8858
28743
11780
6003
10194
14653
12777
34187
17107
4940
35864
2637
13231
16986
1440
21656
44809
23715
23425
13745
36322
27609
22966
31501
31737
28477
16216
6357
29765
27244
24023
40805
15186
26030
39149
27461
31724
5058
27943
26494
40822
31282
10353
27810
25614
5505
15774
6884
6207
17373
44182
1423
6142
32110
30266
27477
29605
43375
27130
30069
39143
32336
20541
13647
742
34808
29163
26612
18113
6634
23795
8761
11407
3513
34681
35204
32177
41147
22513
26502
31200
42176
35042
41196
29548
35131
39966
12049
42618
18625
15469
11063
28388
42264
25357
42476
26962
43123
13906
37903
29326
34508
22742
11173
35190
23873
8509
43420
45181
18942
32660
30824
40178
974
2666
32394
8882
33699
7469
15140
1505
22697
28180
465
41395
33254
26367
3102
44435
42915
5948
8402
23178
5709
32701
13449
4643
3642
6934
28824
39529
8360
30904
5094
1490
21780
28267
10270
24930
8978
6886
38033
40172
20045
3928
36390
15023
12520
19712
25137
42939
17590
36552
10411
11458
26317
8541
10062
11167
9131
20524
2051
45003
22113
21313
36038
29188
15220
38491
9208
40318
1469
3470
44861
45107
24153
37931
9453
7432
24488
233
24823
10633
7854
19182
8180
28613
17898
7788
30888
13483
35602
11275
26021
32718
15653
42240
16491
21792
21208
44420
19579
42834
16924
30886
18404
5150
38093
14778
25425
33962
6144
44056
22554
20033
6000
25206
8874
42043
10415
37347
8081
31931
2395
1617
15597
19738
37684
20644
7360
35194
31746
12768
15751
15797
15849
38063
42081
35924
31761
29575
30220
6323
11785
33758
7973
27280
29955
21113
41111
27865
36791
1985
1128
30353
11408
44215
36265
11366
10139
42841
15307
42127
26756
39453
44927
12308
13008
39476
44933
6891
18448
9894
1273
38381
17577
23055
42592
12928
29357
5026
45026
31402
29113
21535
25395
14523
39209
10233
22505
27748
32130
41647
36525
33042
19130
547
36256
10792
20028
350
6155
769
35545
19911
32184
30567
28949
32613
7581
32784
7430
18364
25754
41070
157
8439
33073
38429
39240
41250
17407
22800
31100
43267
31657
16922
19448
41938
19621
17336
42727
28549
17359
19727
21567
37117
3320
2592
1106
43295
39445
18535
40997
12553
32819
33746
44101
3231
14876
43980
7522
3116
39029
17741
23157
30175
7229
14476
27163
31289
39492
45001
39756
5339
10872
41204
38486
9946
19768
44619
35137
2976
43185
8053
16696
19178
21615
12635
18937
18452
11337
17306
20558
26438
9949
2142
17594
24587
22271
23677
11121
14615
41499
10780
39774
21461
7162
2979
24940
32111
7026
40736
41773
19875
13763
15548
23520
26508
17835
29430
12962
37482
16992
33569
25270
30390
34388
10195
9959
42417
15813
18510
28113
42008
2810
13525
4740
41333
8072
21932
32059
21885
39409
533
1421
35469
1372
17509
30476
28408
27292
14548
20054
36850
10711
11814
24490
41694
22571
17545
25329
1702
41274
16427
8466
42766
27487
16888
33881
24840
38793
40182
31094
36618
40469
44245
4309
32253
25682
38637
11721
3249
25214
12854
18270
29731
6919
13814
6970
43696
9168
13672
44698
5742
7183
4636
15161
23217
770
19857
23018
35267
26855
13748
42577
16944
13613
36397
23769
31680
19860
26712
34549
9043
5719
33296
20150
36975
18002
8817
39699
8750
11738
7790
11494
7881
41937
11009
23539
8288
25827
26024
15485
18049
32187
18388
8296
38161
8801
21004
26462
23174
34352
16525
32211
12393
42995
41722
21771
3151
20332
11202
33951
417
14946
2282
20514
9234
38832
31429
6574
1436
15392
32078
38696
35557
13235
32254
4991
8574
854
43590
34351
44229
17201
21430
27591
37460
35318
865
31506
40396
32406
9961
5520
1277
17128
40403
42000
8432
7399
28889
5357
29401
9988
22751
11587
22853
33261
34646
33442
27774
9646
28853
40972
43576
19324
32222
17929
30951
15453
6426
32904
2993
44748
43891
39040
4477
3017
11212
8325
37260
30922
22077
17424
29917
40353
31949
5680
35244
25422
8784
36489
23052
15075
40704
11155
38438
25247
30537
37591
871
6099
1144
250
38560
37618
7558
41020
17897
14304
13645
26114
31698
33411
37690
11858
17711
1380
29836
12390
37693
28166
43127
2460
30525
25369
2266
12843
5953
29244
25746
9812
7134
2970
43899
4655
27707
27706
41800
32314
16112
42653
10186
34198
17719
30802
398
37107
13833
37207
25378
10754
6720
10683
22519
32916
26276
4306
23542
26978
28511
44095
13709
12584
38488
24090
31214
33666
39654
35933
995
41929
19514
8735
12257
26310
19510
6320
18230
19083
24568
38368
35619
7201
8006
25470
30225
24177
39070
359
14851
9519
4828
12012
30117
4413
43731
15258
40168
1984
16832
18423
41538
36431
143
4291
17403
42447
20499
1031
32283
40179
38902
11857
11427
14278
40552
6346
18996
39596
9174
28365
13914
10075
31533
6797
2249
23061
36888
39375
24122
27065
37989
16448
23172
41447
36313
16289
2194
44113
27834
40107
10789
24219
9360
20588
28469
35115
5305
26314
14316
27580
20426
4226
12526
2813
20799
12157
10464
40801
12695
28914
18151
24521
30685
1331
40049
6331
15959
24297
6793
40042
8771
13880
36954
43888
38237
29225
12903
15249
35822
10757
15505
8826
41244
26681
30431
16763
13557
9200
27416
24564
22832
9622
32580
19810
25665
2777
15084
12117
28687
30416
23335
18772
14039
33991
9764
34056
37547
4125
660
22281
31565
29261
35217
19503
40800
41010
38708
9427
18754
20521
36735
29364
14422
45128
17167
7798
21544
3566
39438
43074
18979
4739
2344
44882
27795
38982
10305
35724
27209
10762
31712
6289
42089
44405
23747
44150
35062
27966
38548
8658
32050
31414
22605
35751
5095
28240
8297
5652
23782
45209
25732
8559
43292
25664
1740
10524
27995
40961
26375
42429
19926
11098
14117
20176
15022
31339
14463
2251
44155
41071
25003
2684
20792
16591
15450
1758
26815
23614
14919
40959
41419
29219
32726
25232
37827
31189
29637
10675
35559
36473
32421
1282
27070
17258
19493
6074
9626
24637
5433
4762
11848
30059
15215
22206
31546
26509
32938
19218
24246
43644
4777
31667
32055
45115
29395
29618
9850
38536
2697
13824
40217
29059
16699
30852
37697
36718
32724
37742
12105
14532
4127
13632
12050
6191
44600
27264
19262
22611
18396
232
21773
23641
13717
2961
14469
22626
18808
25497
14677
42308
17561
13733
36926
34553
36529
37174
35303
35827
35975
4000
1324
38773
13868
1338
33104
29869
999
14494
44124
23607
33008
24555
28000
496
25203
30077
42012
20867
30460
4292
29634
26497
27403
39630
30280
9924
13527
10558
21938
5065
41631
30336
13029
824
39310
1095
30276
44642
16039
9763
29427
11602
37272
340
8626
16663
20305
39179
27792
11952
17063
23915
18835
10116
28981
25593
16949
15420
6505
29741
9414
38393
4917
7986
4063
4936
25879
25175
31430
23148
10364
2444
34371
31361
7433
15126
5700
18843
17882
24006
2166
21910
388
43047
28238
18518
30697
4024
4340
28516
12649
11736
40008
30866
4269
43474
44798
26255
35699
20854
10159
7227
23422
4781
16720
43674
11426
9919
17829
36387
6230
1827
1503
21103
16235
21060
7306
4537
9160
42900
10038
31442
7844
10549
43169
34618
16735
3687
16816
6647
43177
3204
10763
13955
6500
43436
15744
29707
40600
44099
7748
26669
43844
23695
16025
34264
11374
21500
11244
36035
30736
27881
6035
32569
26670
40296
186
31832
37401
13739
21983
676
20177
27734
27076
28846
4658
12297
6434
26826
8857
40629
28883
19282
35418
44585
15844
42058
36077
15174
5307
21442
26795
22303
44568
8343
5053
2365
34806
704
30717
34602
6192
24475
8816
30101
36269
31466
22480
43188
4265
41864
31259
15704
10773
7142
35087
22624
31767
5016
4213
31633
22144
40854
39404
20428
21383
32975
38108
21349
26912
29140
37564
17538
37444
12375
10694
3812
11004
15031
7039
36638
13077
36443
12721
35054
26059
33373
14977
14669
10410
10963
27158
3458
4615
13492
336
34799
19149
19747
7352
10084
12087
7673
10759
24883
1808
19701
19430
44544
993
18381
19625
39862
17006
15633
15378
13710
14297
22159
2313
2024
34057
32504
3603
35102
11506
25253
15334
19488
25818
24044
17684
4455
33164
38435
13615
20249
38941
809
20546
11751
6940
18434
21576
11355
3031
17585
26549
20800
28574
4555
21755
29742
14624
23495
28519
6872
37456
37003
12842
39340
37192
25978
31719
21484
25298
39931
9095
42771
14710
5074
44829
14817
3011
4830
37208
34178
23248
44527
10298
25740
30200
29064
28020
12151
40865
3197
28035
13420
32070
38022
13870
30809
5861
11144
12573
19148
26304
31942
5346
22065
44860
29182
37671
3082
14806
37038
25182
4019
13573
28178
39264
7283
7956
4951
2392
12219
9776
1580
15421
41796
41902
22761
41857
40542
24193
40919
6225
20081
2492
40616
42289
22296
41889
37432
32574
34520
44919
20283
18854
17849
5980
36603
11066
21167
2952
2668
12340
3460
22451
22748
3435
14938
24309
3370
14217
31264
20675
38066
39874
802
35405
9391
31341
20406
5620
41765
40494
13846
31509
16769
32124
36148
21648
37980
7113
26426
32458
20781
38259
27623
16393
38188
6152
35076
21047
35036
40407
33450
19848
14717
29890
11251
42499
6962
12038
762
31232
3591
13742
22143
5950
32189
10709
37383
39494
17143
908
12594
10653
39542
38525
24528
19929
3275
14831
10289
29689
34881
42372
8904
15278
17638
34840
16392
19965
14392
8673
21842
28956
13421
23942
1006
34406
35785
37712
44969
33019
8487
5188
16894
2842
5823
39688
35668
9031
30758
10646
30907
23010
21676
32755
12612
30551
24017
5632
2512
16259
16820
4959
44526
44130
28346
24567
35251
38961
24083
7783
36391
30384
13544
14637
31417
45085
20234
42157
26424
33777
44114
9625
38163
8290
16577
20941
22044
20764
29008
4427
39866
21067
4602
9818
34547
3873
26918
25323
24546
42857
5160
41813
29245
36052
41330
17793
16217
5703
23785
15366
23028
34382
28367
27584
17506
51
11863
42013
11728
30814
30878
2787
7211
29320
13170
3316
34876
3787
1323
14727
23065
42418
38316
42757
38170
7537
16721
32061
28394
37348
42759
11360
12369
8967
29601
21750
13011
13442
38440
2298
10884
6006
23946
41612
30626
3376
39627
41730
4605
35937
32340
5616
18130
909
26505
24812
24856
30207
35885
33765
4118
22487
37567
12547
1822
16065
40134
29353
28491
37452
23494
9422
24513
24199
4283
44211
43095
20935
3075
31647
11910
212
24753
41845
5127
36963
11356
13650
32260
28968
19077
25356
8999
20601
14003
33849
11034
19068
31859
30692
26882
6473
28515
19561
16249
38409
20293
29844
14811
10471
20487
3963
7445
29834
12212
33196
44225
8207
3483
37960
11536
29027
6161
38319
7292
30400
16814
22510
121
40690
6845
37873
27077
6462
15775
41912
18998
27720
4571
43580
27756
19539
5662
25565
33410
4308
33501
4429
41553
22479
37472
32583
4978
3468
20035
24342
35090
2573
21224
17439
6782
33850
41291
8951
12493
35679
18541
26579
30337
17187
33629
29080
27419
39331
15105
24330
18427
10672
12239
39971
18449
10030
14633
29738
39646
17381
863
22596
44259
18925
18332
32144
42891
5875
24531
24398
26845
32974
26779
17918
38683
27351
24505
37013
376
39312
37728
10359
3049
31387
7185
32378
9497
40794
17098
31895
31686
23693
24938
26849
453
35812
38544
6721
40935
44681
30712
38907
37759
9309
34118
26173
16705
21328
25749
37247
618
30289
11315
3307
5745
16810
30397
11626
24756
35453
13804
20828
15206
27165
2117
1879
11258
28771
3652
10661
16519
7429
26179
35202
40870
14981
26973
38069
10063
37488
39313
33079
37539
27981
21835
13895
1604
39115
39998
37649
20110
21402
18561
19438
42722
35197
6676
20496
36831
9381
19356
35860
9412
33899
38730
30796
44675
5460
25386
31194
4492
12349
19168
6048
8937
32994
36578
30963
3857
3978
19338
11765
20315
10318
41276
2423
45134
32353
29677
38001
17518
14888
14951
11197
27315
35624
28351
9426
22929
27091
35534
15178
14444
36516
17490
12699
35119
18898
39339
27282
19975
42274
4599
36913
27324
34758
7267
13208
28591
28575
9126
42590
28085
4157
22217
25794
41867
2911
28291
25561
17489
11097
35304
28487
42161
1562
8301
7488
26869
32161
43855
39099
19998
16168
3779
29684
9593
4489
37864
39112
6309
41683
24669
13496
20191
39123
36905
19748
35507
17473
34877
1349
34372
5051
16935
19429
30889
27825
181
27937
25611
575
39899
14448
24800
43403
4678
21181
41978
41671
1876
40260
4990
37413
4805
26184
29009
40022
42124
17052
38110
14244
37879
38529
17756
18703
21378
25967
707
33499
22146
24406
37299
9944
39660
44553
8337
7953
18686
42312
35082
1232
14130
35954
18775
8811
8740
40838
43689
12894
23049
40525
245
26839
14011
7879
1869
16817
20341
27107
24908
14030
18710
39303
29976
19003
10752
31842
32408
15698
7773
10053
879
8300
15516
20840
43820
21912
19094
33464
21372
1198
7683
14549
32714
32929
29260
33265
1715
21494
1341
198
29465
10247
11656
20472
4288
11644
39864
36075
18470
17761
28167
40661
14881
12918
33486
31539
24358
2152
40799
18564
28298
26210
7803
37080
9728
19754
39716
27215
9515
7513
10802
25421
8057
30524
26668
13740
23774
22235
15275
1529
35106
12707
42048
29348
16806
393
3508
7702
8435
2246
6585
42201
23000
39918
14652
22921
3070
2111
35235
17445
37278
17406
379
10834
43734
5991
3617
1769
43929
45185
42545
43639
32018
20180
1832
12025
34717
42740
44123
40628
26273
44587
36595
12782
44876
9179
32497
29141
79
1096
27610
30138
1126
25284
20085
10431
24762
5909
18926
37730
5848
11706
27175
11487
24931
3377
11513
39060
5749
19933
36238
13686
39053
17183
4792
9333
12690
34668
2802
4551
12505
130
26889
43254
28713
30335
4023
40793
37871
16971
9604
21178
28622
18650
9440
2419
25454
33152
37614
28187
15387
28303
6232
6667
24134
12508
19290
12175
3402
29656
39583
35726
14423
26657
32730
15465
5199
37236
2289
35823
39525
31434
40608
18960
32128
2892
37677
4894
37257
33774
13461
8710
27275
19830
20887
44925
36804
4901
16198
27271
26126
4246
41382
21607
33125
2361
10001
14323
8671
27230
7523
221
26678
18741
22965
37034
6506
29846
11257
38966
35233
26859
5711
2004
37792
42532
8029
8406
7143
44248
19174
32601
17441
15087
24020
11901
35532
31504
40231
44427
26068
19052
4853
26060
13248
11618
22563
10015
22492
5760
37050
4827
38865
35325
29344
373
44348
15468
39942
15539
23284
14308
31064
42588
41699
15508
38054
11648
14975
3258
23587
21513
25123
40095
10976
18639
36935
39487
10229
21857
28670
11211
24215
1141
36041
25144
25875
29488
26576
17694
26809
35745
369
38139
43102
33990
39462
13318
22610
15915
24453
39671
44158
33754
36004
33607
6831
43466
33691
43021
7196
28175
37182
39422
2585
35234
18317
14762
15425
9288
18611
42430
21963
33952
34305
17058
21574
39883
23945
5981
40249
8972
35450
31594
24597
15311
42427
44774
3353
32878
29
14823
9802
18152
21886
43384
35081
3574
31089
22657
12509
37979
40743
22092
8802
23517
13513
13706
681
13205
814
29055
36417
12954
20065
4110
16749
1594
13396
9510
11699
17281
5831
33187
18264
33698
30848
30570
19772
15927
41113
9357
24606
29509
41259
5151
24235
19245
34898
32157
36753
34597
44178
5627
17909
44650
6561
13168
22209
42622
5638
27100
463
1765
8895
43446
17082
16988
31329
22488
4431
3218
25193
35408
28859
7662
32630
33579
34212
3713
6948
3761
40489
22786
30765
11695
14987
18684
16583
26876
8818
23696
45015
24632
12322
36277
17661
34653
23801
23704
9600
36508
20670
6483
23069
9442
31790
545
23067
33084
16729
41607
11157
34131
11044
36311
21429
10252
1603
13947
3993
25518
25678
20635
14613
28292
5890
37031
43054
7013
35784
6026
21777
14282
39726
12717
10399
8833
26160
31696
9118
8353
38847
34435
42234
1991
44187
35625
19577
13893
23200
5997
37622
5878
11546
37288
32968
6980
11018
40538
20086
24728
7830
15103
34914
33796
7120
19251
30087
37448
39543
9389
45133
35000
38002
42041
39429
36858
35289
36000
33567
2960
13344
7847
33656
13397
43217
30290
13444
20289
12388
24575
36045
31552
26806
3675
32822
10068
3185
34208
30747
27815
21184
26791
9547
21761
20333
20582
42457
11143
8705
22100
24553
19284
38034
27864
4487
32547
13299
15167
44214
2234
42444
32534
36224
17089
19583
31424
11861
18540
33493
27457
40520
17949
26991
31427
36327
38115
39733
28546
37100
21565
31313
43584
45200
31320
9932
23929
38155
29579
8385
6050
12861
36579
16201
38336
20412
16772
28685
30114
36553
24063
19753
11057
39493
6409
1735
32180
42480
12301
22171
33116
3907
13818
7145
33717
37723
30741
1881
25354
14163
756
6665
17989
40974
41408
18773
39615
19941
37430
3633
14644
16751
23188
42871
21866
15282
37763
12813
23729
17395
25340
33702
11353
43380
22301
280
39244
13875
11330
216
25920
42303
27434
9052
18583
19173
16406
22474
11734
5189
11565
2519
17728
41790
25185
25538
26220
8009
1334
6739
12516
35771
16244
31658
42802
10836
7825
22060
890
14797
21826
41691
4169
38463
5774
9300
30214
6786
18709
38678
6065
44341
21303
22058
27246
10502
5589
9215
13665
41115
21528
27300
8915
6180
41279
20243
23857
39886
16644
2123
41495
40847
37426
44362
13539
12934
15144
13061
15231
41237
39691
26062
31090
11967
11388
7946
27674
31765
11906
12562
15055
20861
22091
9530
6534
14273
10513
9202
7668
861
25991
27729
31136
43114
24080
20803
18171
37103
42189
19057
21095
734
10612
18346
22193
29443
1191
684
41007
22917
8690
12259
9618
20855
34003
22975
32426
26697
17399
24366
37890
42239
8149
34227
29372
45043
959
2644
7063
22392
33209
15443
3936
6095
44314
18124
6303
7417
24611
10202
5420
21704
822
25202
1445
27566
28457
11021
28098
27542
44352
19118
27305
29881
13276
33802
24824
22352
4960
43439
5860
29633
42082
31311
40442
38750
41720
34568
17038
15168
3512
1310
33595
20592
39474
26690
44230
39054
15660
36437
31181
8528
24782
27758
17613
43163
15897
43461
40479
36356
6078
14116
8460
34935
6732
13136
31062
9927
30908
32511
43506
41257
17169
20691
469
33326
6762
43531
12975
28338
9675
38040
36557
38838
7055
30269
39346
44951
3391
41547
26551
20383
4462
23066
39415
21506
33844
35229
16828
24674
15906
34818
1672
14954
31928
20032
1891
13456
3044
23453
40669
19724
38934
41712
26283
18949
2253
8376
43195
16508
31198
12880
42030
43801
16612
22728
19664
27733
44713
31635
14885
7004
13358
22412
15560
5879
14582
27236
29109
39477
38659
32027
4400
31664
24268
2692
33885
41176
30244
31959
11260
3769
6013
13430
4180
13578
7992
42026
28657
18249
12356
44153
14200
5435
41253
38572
12884
10403
32389
27214
33064
21248
7438
15489
8723
26050
36765
22695
45113
36740
37170
22590
23924
14436
20224
33727
41339
39018
43998
21026
1864
24486
31777
8946
9837
10894
16460
15818
17847
43249
20549
4929
6885
44848
4068
36029
24445
15937
44134
15925
40518
17816
24160
29612
14776
13920
14898
18916
25812
15938
4300
1674
22197
11584
34366
5818
25779
15524
42574
1155
41901
31203
32087
44169
12096
40272
33864
6093
8666
287
3875
12910
1466
1113
34354
41590
37187
21457
653
3225
42875
14426
41542
13938
11433
13976
21735
12171
21690
22508
36432
6039
43241
41559
31375
9382
34010
11299
1041
25552
9908
44263
25424
13025
31055
13786
15280
8281
176
6655
22830
21537
5734
32172
24880
14270
21858
24483
38891
14534
20911
20786
28833
24599
22049
23464
20380
7641
20456
14574
9461
25813
1353
27765
12460
31202
18131
25241
14090
3167
15592
2586
42270
1785
31561
31228
15589
41608
26572
31078
17696
43002
35633
23290
29001
8161
13013
19042
1936
35331
19470
40987
42492
23565
1734
16416
37976
14525
28711
17364
38827
9587
33977
32865
12431
27276
38146
13015
2978
11563
7548
8751
36546
13621
7774
2849
22518
27931
21081
187
36497
40503
44626
16804
40395
33431
31520
25474
26865
33803
4478
40020
34097
32052
17146
18316
13500
26434
12217
38552
42111
6589
37404
30278
21462
42867
28653
35430
16831
39495
59
26242
25734
39887
44785
22434
33914
37335
30064
35940
10394
19317
3192
888
40439
15151
18934
3463
35824
33992
35656
21786
1005
15390
17
657
5576
36977
27341
43651
42589
3562
42406
15860
5196
35893
5202
41979
11392
36619
11568
1697
9697
4364
12676
36436
39463
10185
7516
38909
2830
15550
16799
22046
6512
33534
27454
35458
20162
9786
35910
13791
30133
21385
41264
27072
14513
15098
23347
42843
6821
16325
40689
24692
11935
27936
18842
13574
24598
9101
311
33266
25717
41677
3417
19417
20069
4270
31450
42062
15666
29528
37133
7286
44260
21422
6859
32732
29828
15460
20221
29474
26914
19229
27396
8538
1225
31338
1364
20975
37105
22661
1960
20610
9551
44859
2149
26863
2208
20969
32478
32292
16680
34991
23851
15452
28832
14248
34252
37142
22770
44729
6156
28106
15932
3522
41390
39995
8842
24819
22713
35327
26209
17504
8087
21805
34757
9898
37582
24289
41653
493
29939
41748
24680
26511
3616
495
30773
20577
633
24974
34265
34184
8578
44271
42356
9642
39003
22739
42901
7337
16161
21492
15610
3254
30585
20470
13950
29569
10500
32420
19213
31493
39361
31028
10236
14557
3289
19520
43065
20478
43958
40154
16442
41236
29713
42927
36416
18465
877
4167
20866
13085
22545
41473
10758
20823
10290
24498
23368
31459
2664
44875
41026
21873
11108
9475
43172
8525
27370
41557
26722
5864
14287
6771
32908
28453
25524
12790
29872
10600
43752
43220
7206
4903
22635
7478
16155
6076
38577
29304
4262
21571
26465
14588
6735
2912
39662
21660
28639
11799
33489
32415
1337
26820
30455
5615
11660
26185
3037
22517
41258
39961
23364
17676
2435
26182
37047
29119
39649
17050
30097
16011
15009
18719
4995
370
25311
31755
19834
20490
10930
28569
32801
11753
22585
23236
17877
29861
1351
17992
1160
38031
4198
13670
44094
19643
12163
7832
1266
36600
835
34442
12261
4952
25434
28651
30921
9383
19267
5784
18222
22896
14558
42029
3034
26989
44810
39051
31426
10693
11361
14837
38376
31608
1481
23467
13053
17450
40310
1122
23705
566
36413
42511
16773
14618
20479
43698
27817
27201
34304
33123
32812
18030
32121
8218
4417
40012
1999
2803
14730
17933
40848
23117
1040
29552
41028
20181
35420
36335
30905
23128
8900
43071
27778
39885
17568
31821
23521
7975
3485
26642
10964
11835
14208
24053
9133
1815
35246
23642
1576
26666
39624
44832
21421
28782
37225
44353
29133
13035
23163
42531
37814
39236
30643
12824
37696
22152
3286
655
35477
43766
35675
16847
18496
31577
5886
29649
12839
7384
20262
41009
27790
35216
5746
41438
15467
3477
14313
26866
9671
592
7010
29215
12596
140
25295
33479
39505
44513
29233
3860
8944
33333
13961
42724
33367
35064
36692
16348
9928
5496
13823
29101
28720
18060
38107
40768
193
16287
10426
27190
22450
29654
41998
7453
39906
30338
12728
44358
16167
22977
39927
24429
6785
20576
36808
38164
9115
25187
29003
33827
21070
36134
43599
9826
17513
3456
9564
1713
13559
8423
41799
36942
43437
9027
28733
40429
19062
3556
42191
15068
39905
41107
40121
3550
36504
3698
7335
28468
39629
17878
38837
11147
3766
10607
34319
1149
24609
44291
39634
36481
6233
23202
16556
22540
19669
31306
36205
33071
18689
44249
37811
39109
1056
9216
30900
21952
38403
35320
8093
27504
17061
8203
27851
9377
8820
28364
29138
14020
17371
29370
9371
19702
25562
6519
26924
22502
42211
43538
23853
23776
29898
44862
2861
12670
2420
27697
26661
33877
6246
37367
24965
13156
40297
9365
23740
13900
23913
23283
9324
38172
12052
14866
40047
20369
28930
32064
17139
36962
10028
14062
16365
13882
6784
30980
25605
3383
4502
9123
20738
27124
25784
27226
10190
13427
1928
28247
7436
28466
13987
31739
12325
34817
10076
22666
37028
23564
23621
12881
18776
37209
32125
14693
4924
12919
36058
33619
9156
37793
3454
25235
14822
5296
23623
5428
20156
21205
11282
6403
7284
40011
35161
40683
14086
40595
18580
30918
22504
14012
30804
39418
3573
29882
43299
18555
38725
33950
18698
21664
42495
35792
1857
20464
37534
16123
10719
16936
23350
8381
2634
32313
38535
39737
20439
38213
4553
8159
9668
26537
1828
10685
40833
20251
31692
20311
25588
30928
25042
19803
33769
6157
6038
6294
19408
123
9740
34893
38117
9407
38861
17046
4681
29278
38185
26441
10091
20212
14063
38948
36371
23485
35411
44266
40470
27443
20494
34903
26908
38144
3733
25106
13577
17460
32006
22688
27148
6257
12853
31865
8519
5828
16884
22373
21153
3668
10922
1403
30451
25248
38717
12056
39819
22837
30835
4443
8389
38889
40208
35491
23194
2129
32852
7630
1611
13879
5129
20187
36211
12306
32148
2480
23575
18575
13504
7805
265
42453
25870
5517
6242
29335
31625
17921
32197
38071
30242
22656
36853
12206
25757
8773
29908
17478
28230
33063
35736
7873
39700
24154
2449
20612
36659
4822
11091
34226
33665
26818
40873
20414
11294
21894
23675
4832
11540
29923
20787
29639
26400
13282
4434
23644
2771
1890
32446
21833
15173
26787
12602
42354
41789
16703
38925
42335
823
7643
25279
22422
24510
32330
4117
40914
20063
26676
39958
8514
1066
40015
8916
7897
38853
14206
9064
14184
7745
29156
41075
37495
26128
8117
10300
21043
12911
17708
5107
25921
24721
8788
21889
31049
11948
38337
18084
34259
10990
26663
17672
43873
23312
1157
28752
40242
25532
22331
18468
3021
13305
33067
17333
37276
24683
10166
39509
25449
8200
33
8965
39851
11377
21933
38709
44893
13598
11826
37375
34936
30119
17429
13677
18890
23403
9752
19938
16852
37006
39777
9080
42318
22264
12656
23655
24737
6379
7323
21392
13104
13664
17826
8880
22608
8292
2181
24577
32808
44496
33449
40640
11921
33420
26039
9507
4630
14211
8683
32036
8547
40749
42647
33280
36367
38505
32513
22694
19436
32521
29490
28698
28905
32791
39750
13056
42426
32664
2916
24184
42525
17100
7425
44071
14914
31133
10334
40029
36951
45000
36305
16825
26975
21145
5773
34488
3541
22198
42869
501
11409
22385
21338
29355
28019
36922
2601
4958
24491
33161
22244
6671
42365
31732
39847
44990
40890
37144
28963
44040
42094
9336
25278
40417
14212
38521
42432
41467
28206
4243
34015
16425
7496
37318
35489
42952
31870
194
8034
21256
24457
1800
17899
17176
23989
12671
22415
44845
13253
32785
16319
39262
18311
34331
32985
35879
28445
38112
20950
20758
36868
35896
31999
9650
28510
19763
3401
1199
42117
41323
2690
5000
23674
17680
5393
19666
26113
20433
23507
29250
37819
38510
4887
6816
25339
26515
32688
20474
14456
5509
39860
24804
39125
10944
32225
18769
16762
39466
17188
28142
6211
2574
23268
27586
34329
7157
31612
34345
5946
6112
19424
24797
2002
19243
41234
25223
24045
37429
34650
4008
42976
38954
28421
23973
20566
34186
36599
15678
29352
2687
17886
42624
44072
43947
13701
13460
19564
42712
42163
11269
39504
8209
14488
25809
6017
41580
20404
6629
5198
17131
31793
24260
2710
4891
12679
11605
31503
37343
10866
14799
12028
8919
17077
34541
40285
34786
25268
32122
21023
39704
28742
38798
36815
16568
14874
10880
30235
24808
6746
15406
43285
34162
9161
10408
26428
27894
43397
34216
5185
8616
9285
44758
10218
32460
438
2545
22551
36324
6857
18493
9180
23762
41288
17080
2458
41492
39230
42172
13178
44128
26545
39201
17245
32503
23395
4275
32329
40619
21665
6602
20223
14182
38857
28800
17556
17681
17031
35073
43182
27249
30789
23633
6623
19228
13884
31869
2456
35499
3518
17961
44399
6624
44493
41847
44332
11051
42763
43454
12951
24499
8176
2355
17247
21649
18642
17206
939
7091
21882
31244
18887
6866
12990
34830
6778
32993
40157
24635
38694
30108
11860
34284
29756
23760
26277
3478
42920
36953
43565
7749
42704
17111
13343
31103
43684
17790
44226
14329
22126
30553
107
26618
43050
4227
39608
5525
33439
2297
18489
44880
28064
13606
27648
29388
33213
10221
21677
9921
36471
15933
35629
18750
9796
19151
22027
4988
9565
37521
16880
41725
15629
3229
16963
35353
37840
9994
4780
25026
42787
18721
7122
32570
14676
917
40872
27423
1239
37867
5751
42953
32042
4774
12655
19538
5579
15869
26454
24139
18376
4625
29209
8446
31950
12255
2927
24547
23045
30301
17372
36674
32845
12691
27744
44826
26250
34755
36108
28455
25439
35150
43367
16440
1426
28375
34291
19278
10333
32778
21964
6081
24735
10913
6282
30140
3107
29967
32072
12819
41610
8049
5388
23536
44502
10176
36081
9661
4717
29546
29746
11632
4548
10479
39618
31098
17804
1150
1054
38244
5952
10000
19220
29600
25522
5704
43263
41848
28948
1572
2218
15727
31374
8174
14699
22908
24751
16037
13915
30322
944
38411
2439
9765
19242
22801
40202
21058
12795
27831
30936
16758
31012
30056
2062
36426
32977
15658
37678
9247
4153
24444
44059
13340
36396
23799
14176
16701
12815
13611
39214
24046
25167
33392
7414
35198
14350
13364
21895
15553
7290
23287
9386
10800
11989
10888
14540
27188
26786
3755
41245
40563
17937
12998
6477
39568
15050
11742
24236
19800
27196
20269
19234
43964
37557
18644
13389
27039
18104
38253
17310
12522
29679
44430
23048
41586
16136
12365
34727
4635
14827
26468
23441
28874
22496
42758
38815
28813
3746
34725
31515
25219
25054
2445
21869
24303
32506
44887
34020
35535
11649
19566
37327
13432
10372
2330
3653
7736
20250
30511
1230
18425
15196
34949
44689
40433
17423
28674
31745
37287
6336
38817
6918
43031
34231
35608
41794
38999
41550
39353
24278
8973
31913
36067
12210
20753
36542
39621
16623
18071
43616
42150
44812
7994
26589
35028
6707
29790
7913
32379
26325
35338
42701
28578
18921
15248
8310
15501
44083
11529
16555
43417
23944
16660
25952
18417
12194
22396
43085
5705
13485
25438
8583
12746
17303
36615
44606
42829
23054
40401
5928
44580
15274
36920
894
15285
30896
36142
15250
35436
42411
30964
18036
23381
11111
31877
7504
28217
8253
40866
30160
43797
32651
27217
3190
26251
30619
26284
44081
28974
4705
13182
37574
5050
10676
12367
39951
26422
28732
16901
10609
26792
17495
44283
18596
827
9260
22885
25726
41783
20944
167
10678
32680
7499
1442
21596
34696
2121
25168
31087
5404
13619
906
15324
40766
24672
23102
31636
6097
659
5895
40702
16509
19934
38062
23526
7853
18528
20070
36452
32051
16140
4051
36388
25580
40828
26407
44847
40165
8921
30681
18107
40435
962
30775
40911
2013
34099
10873
31632
40670
13010
35599
13278
16490
11954
7368
2412
28610
3191
11621
43919
6377
5904
36537
42357
5268
37572
21848
1760
40510
42119
35591
41110
35348
4267
28654
35618
42067
32857
5012
7247
30583
44197
2159
5644
16822
44298
36171
33204
37795
25142
35929
33217
19398
30722
42487
41844
9795
18957
41448
23697
5434
18384
33285
43943
10815
36795
16453
40358
31321
4266
38904
30412
31541
38449
28629
7937
24245
40651
28073
6348
44220
4723
23804
9920
22915
34683
44950
14629
6100
42079
24859
6605
21909
11214
1303
34399
2871
43835
37042
31463
39690
16546
41715
32844
31411
11477
26864
36117
9806
40780
25901
25918
33640
4503
23429
15288
29583
20614
30847
21087
21727
45144
4804
4279
6908
8287
15702
7836
5892
31349
40648
14681
32257
14074
27852
27179
23203
11346
30003
771
30221
23295
19109
26466
20060
20915
13167
3288
14453
30332
43415
13839
44510
5022
18548
22359
44816
36660
26736
8229
35735
19592
26440
40988
11376
33271
12397
2238
1010
21685
23029
38992
7215
1211
29038
43280
24130
38963
10660
32551
32123
11171
4693
21166
6365
45089
23911
7717
14700
28484
37143
35317
2173
18533
19685
6169
40392
29122
25260
11265
41367
2227
21465
45111
4485
3199
32747
26875
43161
21668
28502
38141
13123
21663
27561
29891
24846
8012
37476
42907
17475
18798
32529
9197
42121
5224
16533
40454
30530
34843
3183
25867
21059
17766
2938
8220
31042
27888
45135
10127
31183
44736
44051
12312
347
31061
31705
42459
23366
13921
21107
18247
15590
39574
35299
39667
19827
19530
25839
36640
43970
22723
22525
16318
8976
7511
19511
31678
16902
27944
15118
9864
15207
18961
7295
43727
35575
15625
16317
8156
26672
43807
39171
31671
33870
21507
35135
16432
42754
19237
34070
24663
18634
30840
21769
8147
20500
5535
35220
9612
36628
35482
28756
17023
38582
16952
23196
10497
30670
7064
43064
14671
28913
42723
36164
26109
10838
11038
38949
5701
1650
3669
19281
38849
44718
16501
23143
15780
42742
1360
9484
6956
9781
32206
41662
25082
4919
19467
27358
17799
10670
14338
39524
37718
16594
37052
32667
1240
34533
44121
8990
42195
23898
29175
15181
28783
14764
3980
11525
41439
20518
45145
26286
44074
16606
7168
21970
10138
31455
32648
29029
44252
18757
13471
44672
34691
30243
29663
36515
12001
23132
25919
22629
25289
43432
2340
25204
14846
5308
37607
37621
36262
17806
32015
25399
25225
332
1312
9207
18536
43787
43448
25397
17703
33835
29015
24115
24581
11957
18905
20271
22648
30021
27784
7
21776
41786
14364
40586
25714
17198
34844
43925
26514
5111
20379
39479
15954
21439
32924
3951
41332
34637
17797
5771
27057
11662
13402
28932
580
21448
10072
40133
6383
20523
39062
3200
38064
26498
45032
23631
17487
4837
7824
29255
24198
5032
8078
11059
1283
45090
22307
712
13144
16090
41894
22687
2189
39594
43159
38038
20814
42037
4001
39399
23892
9821
23492
24509
8862
30699
14602
11086
22201
30771
37030
8909
29291
24787
5685
15934
34432
22871
11399
23208
30172
43934
36350
43589
4006
14692
3961
36008
15404
989
13055
3064
12474
15887
31775
22707
19943
23036
43356
5747
25459
7489
25563
19385
10316
34580
14662
19640
8834
30367
25477
18860
40770
15718
35505
17412
24899
28031
19413
9284
284
12636
20407
34359
14962
13474
18882
40120
4071
24117
12026
21511
3042
27958
25198
36748
9701
7479
30703
11550
41048
942
22005
2931
1
38358
30267
32067
20913
40686
12923
35630
23865
13783
3337
23562
28943
4049
11002
23139
3054
42846
11189
42044
7632
37069
22752
32501
35283
6875
8264
6098
11887
14880
1203
19456
31121
40478
15779
7807
8216
4188
2112
28946
2058
44077
45207
3714
37707
30518
26994
32237
13521
34867
14918
639
12246
4284
34497
35214
40197
29980
12550
13815
38677
30475
29779
515
14203
7129
8459
3582
35598
3790
19390
7677
43517
18262
20339
35510
21093
31397
3539
35816
44948
24944
26297
12834
26529
15749
38402
30469
29887
3626
30271
2005
14603
11851
14358
8981
38692
15569
39118
19230
1968
16414
27622
175
9916
32259
17287
11882
26364
32095
21331
44276
16475
4750
37330
30557
1624
23744
36137
1475
434
42070
29417
14694
10321
36111
31124
31540
30756
25599
35752
17815
4504
15612
36852
19674
13333
8893
27371
16722
17763
8558
40191
23047
41163
30550
32776
23379
35861
31029
42136
16899
1652
25649
2339
44959
15410
14679
32366
37532
20452
10954
9986
27258
19146
32932
44324
39753
1742
2027
7978
30750
4531
32837
23939
4586
88
12022
28349
26044
31082
29411
42819
21252
252
17614
10587
17207
19273
25615
22535
19784
39464
24127
31034
30779
21381
38596
55
9443
42302
22267
8257
39848
29868
2617
31229
4755
31984
4675
19272
43383
36843
6018
38965
16931
10520
2951
27112
12776
24973
20272
32840
36824
41742
27620
16298
45035
17729
21539
7623
20922
35445
1046
42950
41309
11101
44355
21797
27220
10238
17096
35757
42322
16869
3759
11879
18763
2069
7670
1730
18485
28493
38764
6118
237
38109
10228
11634
34798
6143
19359
27508
5156
848
5820
8902
42725
43816
22202
40779
30660
32906
6794
3325
38504
27253
4111
41079
7268
13934
15872
4469
5957
39407
14535
14649
14458
34401
35258
16750
14845
24778
1555
8269
20735
26076
20842
2083
1251
27808
30609
15802
31319
24151
27022
21218
32474
4065
43563
23357
846
114
30233
31883
38328
12494
21361
37399
9984
35212
14860
2260
17720
36910
19381
18186
35254
4633
22863
3813
36630
43829
4457
19271
21887
4260
39
33840
40257
251
42340
35574
14440
2278
13360
28067
10491
43134
42739
2822
22679
41042
21617
41856
37163
7940
557
4115
29062
40567
9667
31514
7385
17875
32393
7465
34253
5290
42982
30153
6957
6319
11616
11871
12830
31898
34803
31071
42466
29513
263
20385
18577
23229
32558
17104
22418
40684
26724
25906
3361
35167
18246
1489
33376
21737
23445
13964
28028
9130
26069
29095
257
42978
54
25393
29088
29061
17068
15190
4375
6651
5671
31620
11348
1110
19500
1159
38160
24809
25096
21610
4466
15386
12915
44677
24540
14497
40460
9774
26303
21120
3933
6293
7755
7902
20169
498
33136
11832
2466
14032
43583
44924
41752
7003
4546
2203
41407
41868
32046
1140
8019
17070
35280
36971
2483
5534
18715
17138
34892
25944
44775
15401
7498
11405
12555
35936
11271
6450
35800
38311
12877
6399
2780
30041
27632
42244
38209
35926
31644
36499
31659
3707
22636
15197
36775
32005
17097
13575
4904
3271
14743
37644
32770
29798
30398
36693
3649
2981
43083
5085
8595
24865
14204
604
20323
31553
34869
29354
10341
3660
9906
8357
22985
7101
1602
23764
33260
37526
22017
689
32271
14742
15492
39755
14819
42360
44571
39959
795
17355
3015
2850
12704
7194
400
29361
13065
40122
8959
4954
6903
17279
38265
25704
35410
39645
5079
40643
41883
39350
9292
25255
21041
38562
3505
14140
38523
2216
27763
23232
26134
21065
8991
35862
29912
16091
45017
508
35252
17141
6131
22731
42654
33341
11791
38704
23926
19678
22782
9013
35590
33309
43160
28245
13102
9055
22892
6498
29963
16242
17270
25929
28523
12079
12507
29873
14596
21116
38675
33558
17284
4223
27332
3806
41513
19177
1091
8086
2797
11533
15104
4767
7076
31001
9379
27252
15271
19587
15526
12826
26104
10215
24277
11586
15846
4451
4438
44594
37663
14123
31969
7878
32268
31107
9533
41905
20037
24891
13266
21759
23780
16897
34969
26463
44304
16771
23653
28342
39611
16212
4576
13688
7568
25954
14704
39134
28873
32930
9424
32856
21460
27923
30023
17094
22129
36152
43053
24050
24618
4371
44794
34913
27314
40986
35075
5350
36116
16276
1050
14579
23511
37319
16404
21225
246
15398
24863
7117
19563
21080
40804
18748
2716
16266
20712
18213
11364
5738
14138
646
28933
34770
9430
2176
17738
34931
43926
34832
32142
44497
6492
22569
43588
16060
25215
6411
24247
40026
10625
27369
2074
11019
31163
1918
3359
10761
34494
20480
42101
30513
36061
13412
8618
3645
26392
10407
39913
33124
29650
6838
39992
16311
21496
13958
7731
13646
17628
12463
2672
4194
34289
22225
8988
11505
24171
6673
10302
3315
24455
28967
30323
4560
43824
24307
32395
14489
38926
13439
36789
26157
21062
31314
4880
31031
13547
31758
40163
24803
29956
32672
3916
6457
24363
33904
35680
17753
40219
24834
4743
40897
19019
19715
40108
12742
3224
39027
27723
24620
36289
5332
7857
36203
13963
43628
31709
35439
12957
3702
22453
21357
38011
11150
27170
39587
13743
37688
28717
14432
22559
37555
12732
43620
34996
33923
40251
30148
25061
33936
24074
34114
10439
3194
12504
31283
6718
22833
37722
1036
25381
1190
12634
23257
18953
39747
15601
18183
19125
29842
41
32034
4892
12472
26580
41574
26052
39366
5555
5343
31617
35709
1077
23276
6488
37406
19180
35522
22890
32528
13279
5603
23074
23122
11676
41717
36566
14088
32318
40139
40019
1615
39903
19004
38918
10131
205
10108
37224
27892
32731
32804
21629
35847
30137
12097
42769
4819
27927
43658
18978
19489
29299
18307
40410
37630
21509
3612
30486
22727
22069
7277
42921
10365
6961
26380
44107
7905
44537
4301
35006
14064
42294
10392
10284
33751
28163
41285
8545
28872
93
33968
913
9224
30435
11776
4672
44658
35502
38929
11517
29858
20022
43539
5439
39949
36435
30448
20352
4483
20775
12132
33790
24768
6727
12575
37562
18683
11677
19794
11798
31641
30510
35460
10960
20925
11305
30125
30988
5974
28669
16605
5090
5405
39676
7552
29110
11119
966
8551
38751
2363
5707
22902
44707
4472
8570
30932
37656
22538
11307
2438
13819
6121
19535
23006
36856
27367
23038
44930
40634
13653
44465
37846
30029
7622
45179
41921
10628
9706
40879
33788
40115
29367
17190
24270
16510
12862
34558
44710
13275
112
5715
7132
41906
7906
1849
11152
35815
24152
26654
26176
34791
36651
23807
26396
33340
16273
2516
1598
23079
10529
17376
30352
11709
32713
31284
9649
35316
19200
10263
35296
17873
8829
44505
17727
25338
13850
4591
7784
12996
22436
35808
22600
8565
37027
39416
236
25897
34878
13089
45196
11942
24035
41784
1382
33671
25192
11575
24542
1409
37377
43366
14409
4835
1550
31886
35770
17483
41065
14254
20185
16659
45047
45105
26165
6757
23298
35830
14622
5604
2107
29328
34023
38199
22641
3783
17254
32903
38012
31977
40843
4963
13660
42057
9923
21092
26961
44563
6368
16391
18331
36945
37293
32897
10696
5477
6598
12438
42596
32789
41102
11610
37412
13629
33055
2724
24688
40939
32721
15695
26296
22623
33238
2917
5258
21864
17109
27185
37912
15079
25050
13218
25100
44048
20949
22338
28895
30473
30272
10664
8576
30946
22839
17282
35768
42714
19711
37645
10636
36840
18858
1966
33841
4676
25408
34270
1018
38741
4296
11516
29974
44097
24305
3357
35613
39711
29047
23354
7212
37779
38841
40726
14655
16628
6594
29462
37071
316
42142
9178
32455
21523
35686
14434
1415
37925
36250
26330
31169
27323
3155
43954
43387
29018
17726
24118
42330
3799
13020
25646
825
8830
13533
40393
8633
10169
40374
23936
38306
5989
14256
29620
29319
2555
15247
20349
12024
1831
3144
37199
37062
4813
19761
20942
25163
3739
39604
38935
11041
40500
36151
25426
35928
32553
39084
34885
5891
3750
5353
11638
5355
30856
43386
26757
10384
28015
37682
32026
32063
42046
32629
42207
13639
44973
40747
32377
41432
14760
22138
43412
9792
6543
16923
20411
23691
39266
42523
41541
7031
37342
36034
5817
28626
30810
24720
2772
36979
33472
2087
26969
710
19944
26096
37533
32030
24438
22254
8592
15499
34906
29616
38917
10871
8177
39855
3081
37109
1390
30479
28907
34280
8702
45142
33838
9204
11232
20567
32457
43850
28154
14388
2915
15164
25819
11779
29190
9787
35156
21038
19618
4992
40633
35725
25462
44499
18525
29482
22784
25458
20914
2984
11095
15454
38000
22310
31177
10066
16849
34754
7310
5419
22187
29342
31586
17794
18380
8285
32069
21836
22844
5956
40829
22835
34529
14352
18091
37674
41505
33760
29553
42042
37619
39393
30361
21700
33552
9350
4233
44415
23182
28708
43748
2657
43763
18562
21853
4844
4009
25197
34049
7794
16588
5161
459
1294
12114
25183
38884
8806
33094
17685
4863
20812
25558
22936
19371
1942
39503
10391
7826
569
43000
178
12479
41284
35153
37301
22716
27066
13219
24313
44982
27216
23602
3103
28975
40290
28030
730
10178
17329
38372
41710
34656
23031
29220
25759
22394
19325
31714
1254
34528
947
5292
41343
26257
2274
20432
20801
2394
22274
16611
28799
15112
10841
32188
41135
32454
43728
17960
10807
40524
23259
42713
30797
34389
14697
24670
21651
9880
26123
6237
3867
2197
3397
24497
32824
3055
8098
13995
9457
30166
29535
10978
18165
21084
13288
25161
19337
35570
32381
9009
18458
39282
42845
32117
41896
26301
37762
12794
44377
16552
28608
37325
18661
11210
42764
39791
5877
39566
26644
35689
6338
3243
23754
25990
28459
7125
38104
19859
17533
33054
8803
31224
33664
357
12628
13708
12449
41595
17715
16220
29463
30330
15815
32806
16544
14275
39459
28386
5040
25297
26082
38133
27940
39105
37268
17807
23286
42210
998
16282
25306
40447
18294
28547
37044
23786
7732
41946
42611
18070
4114
18047
16096
31296
24423
24003
31521
14593
14325
20056
41137
23753
12068
3696
5907
13530
9392
39265
27738
48
36362
4687
10035
12166
4212
21348
3947
5191
3403
18635
16196
36875
4760
42671
32137
40573
42929
35907
44272
13799
33106
17086
25964
9493
22163
40963
41174
27009
13021
27807
35899
2923
29241
19085
4133
1296
1508
14430
39965
22692
42279
2205
12935
35349
26801
6402
44015
25972
30165
2698
20108
28535
29879
3367
5808
2920
42130
10388
10412
43890
11334
17845
33744
31093
19569
12082
9455
41529
9265
21994
34141
23044
20690
35255
43858
27921
19614
936
21411
25499
3432
39320
40241
35260
36893
22463
33092
15030
22736
30327
43561
10264
16024
34185
43523
3038
35579
25069
43315
42522
12964
29644
23419
10196
29688
38016
14004
26064
24723
6044
33759
20193
37702
10756
11289
15754
3842
27986
31901
5239
12201
30467
3265
25810
35248
17064
17970
10128
1719
3784
30417
5729
20144
39873
18674
40400
25533
5565
34649
39586
15769
29984
19418
16886
14559
28954
31998
9590
43692
24536
42643
12667
32035
44975
27626
38738
9930
2379
27708
14084
33437
2478
22955
21021
11619
37817
35720
29014
6627
1583
17795
16281
31256
3133
4712
17783
18848
21647
584
13187
15577
39930
7173
31932
20585
32573
32536
43228
15828
30757
12959
97
34072
35561
10881
442
36234
10046
37750
25134
188
3754
36737
29857
42329
1027
113
8790
23692
14982
9143
35225
25504
16566
26334
2511
28750
197
32048
7309
5422
32028
27036
6930
27199
14648
17861
7924
42735
34296
32763
31004
25567
22500
19774
22963
23271
18389
32074
1875
16258
24813
2374
42812
18765
5527
8342
26937
36266
1924
14218
36076
17587
35259
163
41907
1805
29127
44630
9374
10034
35704
35797
18918
39718
28290
12600
30642
5657
36569
39180
27523
8865
23333
12899
40238
41101
38258
1581
31507
486
21473
4690
17821
567
14239
43547
38010
36484
37415
27841
25130
25624
40004
24175
15477
23640
5516
3099
7181
38090
20751
37767
14907
10105
10230
25766
20286
31697
9018
22561
33795
33114
26316
8404
28436
17740
16578
14246
6844
29308
12385
6698
13871
42469
44326
1544
5646
40441
43931
7166
44359
23156
1297
22868
7587
17069
39841
29853
9775
14690
9546
31281
22693
19419
39446
4145
34986
15069
5770
3210
9759
21396
20292
13127
40354
21278
5793
42515
12979
23618
32200
2576
18339
4908
39631
20117
10991
14990
23861
43959
34192
35641
35414
35362
42374
13618
30737
38291
41804
37078
10826
32589
3150
12973
18464
32988
16133
18265
32132
10695
35653
26789
15052
36057
21147
9421
43933
16868
25840
34173
19683
17511
20727
6433
11875
21789
8175
34104
32925
28617
6270
40034
42645
22045
30584
3585
43985
12977
22644
44962
7935
23105
5606
25239
45108
1220
32682
44135
38655
20710
9428
6879
39687
20105
2323
13110
34740
34341
242
17418
307
20979
14790
9488
34256
18737
40571
21636
29682
40751
8351
8492
22982
27896
43438
26842
2175
32060
12978
23581
29705
22016
36848
590
39005
13767
3921
44604
5356
31367
28543
35206
39162
14498
13926
17328
29434
1121
13398
24504
44014
17123
17122
24382
33356
25755
9662
210
4807
40508
37522
28124
12800
12231
11035
27917
25671
28923
915
15210
40199
11801
17548
31262
19137
32001
35398
15289
32482
36179
32498
1932
38267
38248
41084
36082
3059
31522
35716
31346
8048
44392
18523
40773
38919
19559
36258
19659
28765
16388
6116
28340
39955
38119
37002
16798
9654
36862
3440
18343
4218
42621
43753
38234
42087
1200
31853
26018
24359
42016
24210
41875
37152
19102
37214
16268
17535
42909
17900
8961
2006
7047
35691
1680
32901
39871
19723
2292
18478
12885
39017
18023
22583
6194
42369
42266
1375
17931
17865
33322
7391
29944
27897
39793
34570
44409
23576
4442
42025
7448
8599
24991
25853
34615
21272
19964
21552
15655
38025
41652
38154
43608
4268
35892
40956
12487
17342
22306
27769
21101
28878
28218
40603
38820
18327
22157
5918
28935
5743
23717
24284
18605
19348
15784
9886
31151
4124
13592
1868
10152
28296
6359
12061
34342
32628
29129
42716
22527
6621
39379
18362
45068
5173
11775
42212
43936
20565
19547
19725
15157
17298
30239
19158
15554
10962
32739
1243
2661
24699
19684
22408
36190
8753
24639
14414
34046
12940
17443
6114
24656
17523
27045
16542
4392
15692
35114
12740
38018
39023
15341
1511
5386
37063
37716
15593
34737
25196
35374
38842
22114
7627
21292
10827
23417
21183
20583
26982
23126
28149
17576
10267
5447
31312
5329
38195
35988
22615
16654
9548
45130
25045
44649
12753
18705
43745
44657
17285
40041
8552
31410
25262
5988
24071
8889
24480
5926
13259
22879
11418
17032
40601
30637
21109
9544
40627
41625
23979
11235
43455
26233
15957
44752
14107
640
24890
27621
8621
1168
35773
28128
42339
12269
22387
7192
12405
5834
23134
751
24921
44678
12480
16665
38364
15595
5336
35005
15607
19427
23408
30314
42817
37129
12402
7725
23901
8293
28378
13165
19450
28723
37431
38862
31855
4573
16843
38290
36607
37844
15847
9456
20930
42267
14537
8507
32338
16288
564
39049
30590
42398
43107
30060
2268
35723
5976
28666
42750
37999
7005
3109
12267
10961
13006
32890
28129
41059
36870
19502
34667
1850
11182
27677
24022
39865
39672
1011
19353
20130
35004
4249
26212
35831
23016
42608
12299
39031
14379
5431
1631
35011
18467
38151
23523
22485
26206
3718
34750
6011
9134
25750
43795
32428
25263
18142
14346
39658
14233
2936
6776
4304
43507
44688
15804
24146
18868
6990
10692
5418
11591
11904
42128
15725
11702
11148
20639
3538
7925
1930
31748
4601
21868
2646
40753
17964
13969
9473
152
20327
6801
34792
8496
29674
3407
27646
38513
19719
23490
21804
37566
21001
42755
7713
20837
37131
19143
34080
11125
21427
8864
9890
45081
21376
32229
13082
43872
21687
21222
41191
22107
16905
25089
41475
30502
16940
20992
22725
42438
1135
6416
6865
37177
13531
28177
3614
10260
27189
696
6159
22375
14754
22351
27913
21403
16040
26254
29303
5184
20285
31787
12564
40589
45109
37504
21744
35307
12688
23042
25355
864
40536
22403
28125
4257
16945
32683
8383
19745
20303
15315
17003
30562
13761
43204
5444
1558
43051
14818
38520
18121
30380
16181
16274
21710
21504
33772
16493
37183
20050
13325
10282
13287
7681
27162
15778
6005
29740
17642
15374
39578
14330
34007
3659
40947
41917
27762
366
29450
33757
21312
961
26248
41837
32509
43372
19259
28764
6787
18326
7017
8005
17366
11595
34156
19932
40444
21257
18109
29374
2904
10203
9641
1376
44874
24500
14196
2229
9253
27863
39652
21078
38875
1342
21575
29504
7918
25826
35056
28021
9733
34839
28693
24465
1238
7694
21239
39254
1548
19216
44596
6079
39408
21191
12751
10103
7634
42098
29451
23017
43442
38626
36526
38035
4235
41338
36036
30596
21736
39200
1854
24901
34071
16336
2820
6353
6976
2821
24087
20816
7036
17591
16100
37070
6691
11440
37691
2608
25544
1012
23912
11186
16835
15705
19930
319
4986
3726
2126
18514
45030
27588
25272
3343
9948
29466
39547
17771
44417
9913
36929
13326
31223
44447
7218
36878
26570
34036
208
13028
5759
3801
3619
39423
22433
4696
9734
33390
9689
8996
36509
40506
34042
17776
26461
27285
318
2613
15448
12597
24839
41928
17021
9516
19164
30953
8754
18219
27705
21122
41981
3794
21017
2725
23050
12909
25080
33247
12319
7817
27278
40229
36846
40220
1252
18680
21731
20047
31904
29438
35817
33343
24234
31065
35769
32456
15000
13798
40823
22522
28131
5288
6119
27469
2901
28673
15405
28537
42820
16784
132
16615
30463
37918
9956
23091
24352
43956
7315
25471
44814
31020
42745
4359
33701
23713
42332
40851
41898
1813
29358
11884
16074
15033
12383
9929
45150
9387
44163
35842
30794
22862
2948
15993
41751
14279
27445
31440
29189
45037
27204
42439
15273
31106
27712
15088
14216
33394
1547
1707
22546
33616
5647
44090
12698
1906
13753
20440
43817
21796
36675
22967
35337
43893
25007
42367
27068
10540
22368
14394
20171
29410
3631
24624
29476
40106
24913
28412
32297
7875
40335
32359
31408
9591
22609
15047
1413
15349
21334
17976
30823
4236
1314
17084
31483
41252
1951
38361
28691
3908
15106
17148
41133
4933
14439
5800
17196
16098
37178
260
15854
37459
37860
41178
2854
21918
25928
38835
25974
16069
14210
36996
39441
33279
35547
30807
1745
21669
36991
35560
39546
15358
28138
6779
23571
32285
2964
9742
15170
22603
982
6799
35767
10845
4826
12143
8469
507
40858
16694
7274
28360
21291
19731
11226
31290
26291
6364
38931
29841
18981
12892
27357
44286
3688
22984
33608
32650
24815
40994
33947
44683
40796
16306
18473
41999
33682
28745
5992
28684
13747
35385
12285
11750
6241
4694
4699
7178
15228
44380
28090
15644
7231
16272
30192
11604
16082
41543
10148
16470
24970
36181
31822
14665
18293
34788
9072
41242
41329
41320
3737
853
43650
31543
27227
33792
8596
19361
10107
9068
10578
4574
13848
30734
33299
29783
44597
43482
19599
20450
43003
16640
3745
19600
7234
15777
6576
42349
42868
33320
2
31688
38342
35958
11146
35401
23449
32779
15436
20044
28392
25034
43022
11829
7563
35083
35631
37823
36402
39714
41435
15119
39975
39401
3856
44045
19814
26319
13735
37863
3797
28087
2092
19729
35953
40529
43652
25816
37193
9487
2835
44339
21923
30387
30279
2741
5736
36366
37140
2442
29735
41997
12989
41228
16998
24760
25882
23499
3495
13751
25101
16430
6259
2989
40811
32469
30916
35829
42180
33853
19258
25607
30496
11452
17764
29481
10595
13506
39364
35915
43790
25385
39724
38922
44472
10095
39392
6453
11726
558
7680
9964
37641
1269
19654
37503
12072
7245
17544
1706
4703
6674
4930
22785
37061
20778
21779
20024
44558
23093
36209
13171
42553
26199
30250
25286
34326
32855
2743
5382
14253
26534
13
12173
4324
17668
22986
3314
1533
13910
27197
10774
15243
375
39589
21747
27424
28443
31742
19016
1400
22729
27062
6266
3366
23310
9574
38613
15488
15511
27030
17202
20304
23647
4388
1076
38077
37246
596
14612
30194
18105
921
6653
30862
10688
14955
41666
1038
21476
3594
9112
36114
6895
29529
26467
42401
39943
3719
8245
1987
44202
14566
22369
25256
32568
18778
32339
10892
23847
42408
37604
31551
36186
13582
10760
8581
30120
28584
3091
17784
13416
24131
21718
22215
37822
11184
9489
32520
8766
165
28159
12606
12434
33837
9753
37969
2843
35308
42974
44517
33713
18685
43430
23997
4670
12205
40352
39751
21628
44653
18804
28442
40976
32594
31407
12427
35271
26177
29662
23504
40493
26743
44870
11625
1761
23011
3608
6091
744
29171
9325
8765
38921
3222
4842
39823
33763
17762
15257
21111
39108
16
14986
31974
11414
31759
37419
773
28105
2751
7638
2368
42170
14506
40347
24086
13731
44531
33857
25622
14789
13135
23879
17574
1866
34673
8332
35127
41199
41545
16728
43041
13996
24229
44159
12864
29453
20832
11240
22865
39593
17012
13245
29636
15141
15663
42465
5740
15983
15388
21397
12974
15686
6213
37514
40330
23251
28027
32733
8267
11047
38620
3743
42676
21519
24441
38971
12101
5261
25091
23056
28903
23309
41303
23757
15673
20138
42926
27522
24213
11713
35671
20877
17679
37251
15077
27021
40443
41482
12677
2387
20466
10376
32320
10630
15020
39581
32326
42395
38716
33172
21998
39655
11109
21667
18969
8677
8502
15396
15242
23558
38346
40123
12280
28779
22151
37076
28377
21227
30180
16165
14514
19053
30329
15412
38541
7734
39223
13039
23736
8650
19759
5756
18044
16027
9069
35844
19270
34591
4059
35399
21474
34288
45112
13040
19457
292
8674
28100
11796
21954
2089
38273
24601
25685
25124
32652
27973
37130
44943
40764
24758
33678
6905
11100
7460
5617
37202
17426
8082
8534
44761
17197
39735
12345
25658
11401
7369
43340
14638
24566
18571
28480
14097
6790
7566
35571
29408
31947
14680
37565
12019
35470
13321
6277
24279
17158
5840
36494
27228
35293
38731
38594
27563
3954
10857
29143
18729
24677
16007
20667
9732
44065
42562
3994
44636
39020
23094
37852
27032
2470
34997
13989
15423
33399
19471
10118
11667
44024
40370
26745
10476
31720
21890
29266
488
8270
5082
4424
15647
2153
4286
17343
15409
37994
1904
6344
17965
22841
4661
19558
25703
13033
5775
39820
24137
10224
37609
11825
32299
27550
12939
36422
25778
36985
1242
7593
26147
6141
20322
37848
15814
16285
7427
31386
30347
19807
6083
3162
38249
31887
27145
32872
25969
35044
17624
42623
27211
30526
6563
27391
4720
33432
6465
40761
13012
24889
42181
4715
31727
32603
15049
34155
25915
39491
23133
472
24370
38744
13243
36621
8452
32365
32100
30053
31051
27999
41716
35520
17647
37024
37353
29051
41184
23141
22959
12835
18120
13476
31436
24992
38816
14872
44275
6711
20917
30531
2141
25364
26729
17859
41873
1246
27891
11551
34769
35333
2479
18629
34982
29480
17620
31317
38612
40087
1051
42107
31954
5721
8812
17707
14917
32251
24988
15188
7422
14219
1249
38618
38097
1723
14298
20109
2824
19332
7633
9974
31490
27167
19373
1894
12805
42524
31104
24628
9467
39926
39129
3273
19895
20770
2370
44582
41881
8511
24987
17470
34123
1245
1392
7914
10424
17942
2801
23531
14519
238
26561
34552
37546
4436
29542
1937
27365
33925
24749
21175
10644
36440
38344
34297
30028
35878
15982
27218
8931
43838
16716
43018
14122
28702
26904
20118
35422
35565
43839
21373
7098
31747
15487
22542
34824
19064
24164
28433
33526
24853
19066
12182
20795
36
36374
32278
25917
20362
22484
26201
20718
36196
42225
16346
25261
1109
24544
2689
19991
20077
36623
266
43972
25701
27480
4140
32363
15819
12131
26871
11730
27240
16780
801
41455
26649
24225
13335
13436
1259
32367
5055
7255
15568
4779
1756
18903
12416
36534
5969
45055
35264
34576
12627
2436
7791
32155
2337
20296
2457
8575
41510
17621
26108
18491
6545
43046
10835
37788
9438
6564
25450
13697
33631
39656
38260
39556
19846
28918
12429
10782
18797
1753
7954
18870
21286
34802
42626
14945
19084
39686
35457
37226
34852
20211
30561
18057
13854
43854
42778
7820
9048
29264
20663
6489
38304
15996
30864
28581
41489
37235
18619
25491
34143
4627
11393
18667
10133
32945
836
2869
9210
17039
13654
27347
6510
17179
4746
4381
35670
33334
23629
32634
36841
26674
44538
4972
44767
18546
37987
1100
29595
9298
40425
4254
27939
46
25675
42384
17609
16672
27368
41759
14115
8394
21154
37648
18616
20438
35454
7534
9823
21501
33593
858
40784
18985
9140
21029
13375
23687
30621
8757
33766
12832
18410
21936
36517
36882
23108
24835
35886
12807
31666
21568
28257
30572
37870
21878
45083
9808
28722
41807
40521
39957
17218
30415
41421
22836
43272
28024
44754
21262
10297
19328
41220
42559
23679
8274
32323
21799
25807
17165
1205
8669
21688
41256
3089
36867
6440
16313
34119
21521
41932
15037
9941
23718
45165
8246
13744
17536
39804
2201
8137
34236
44764
14106
37449
28127
4088
24781
9111
27283
22851
43946
29883
13722
38252
8276
10860
27041
39920
26055
40205
23949
20881
35368
40697
36604
27630
41960
3294
34831
14198
2476
35919
17869
17916
37809
20123
30589
41340
28619
15305
37068
35152
19246
19354
6454
34458
7009
22072
36837
3791
38871
31201
12403
32249
11748
38454
36713
38494
31563
14958
8309
25172
10377
12225
28692
23391
9362
29283
18306
35210
32215
44822
43086
12536
11233
4650
422
21444
10649
38059
34328
42548
16550
41933
41002
23300
9218
14478
26598
10632
7845
3023
8955
9670
40186
4664
34050
18626
14737
8654
26043
6046
33843
25501
31186
24772
31923
6577
29078
10639
41227
14520
22898
16143
38340
16102
39893
13847
26784
3646
16284
20161
29572
5130
44061
26867
41370
27930
43232
10455
27531
39936
15117
20505
4238
12443
39664
31973
5944
16781
28123
30032
33547
25752
36025
37204
33556
6736
15494
19961
34761
37462
36338
44771
1167
36530
40270
30754
37611
19741
1367
24794
34902
13036
43398
7042
42220
16339
19451
15317
15863
1185
8322
10495
5833
30228
33468
32171
29771
21756
15291
15535
39521
36796
20896
3904
18728
15788
40585
8836
8315
17571
386
40149
2784
7199
41444
45192
41711
42185
39349
37021
40966
5542
2138
18544
339
32674
26825
19953
44442
21045
18664
13905
3369
9220
28488
2829
28821
3896
2385
20210
26647
10375
31655
45054
14251
18446
35779
38576
39720
44011
14788
4100
12251
20638
30603
42863
23230
11572
22893
40755
28812
22750
3497
29321
37081
24717
1795
33707
37096
35921
18799
11221
1264
22447
25655
21958
39004
2677
1429
42020
19059
37315
6982
15856
16839
22928
21939
44849
36998
31359
21415
1865
28580
22990
8892
28150
1593
15518
5803
6636
41162
42235
13042
20713
33500
26132
20231
10809
13572
5474
35796
14118
16296
39993
19193
25966
12320
3563
42922
23909
41136
21097
41130
24903
15172
20987
14332
37789
44029
1368
14614
36292
41767
41570
41463
38173
13604
43738
31523
8251
4138
39011
22630
30817
43951
44432
43364
38262
25888
36769
26542
16283
35635
38480
41017
42097
582
5942
28
12605
38177
19048
39082
38989
13723
28862
15871
38179
42468
29343
40528
35586
7279
39765
41031
25930
30923
26832
4197
14651
15503
13126
13917
18586
27949
42795
23781
15332
10735
2055
13041
34461
10036
17088
34039
36080
43290
16584
7708
25361
7772
9419
10996
25230
29069
25793
36037
9803
18818
39924
3184
27329
18628
10805
6642
38978
39771
6728
42538
11058
21406
26706
23904
12607
18833
33270
31413
27106
15211
18457
6335
13103
27512
21870
40564
3752
44129
44147
7724
35068
12159
1001
29536
8091
32895
4594
16967
43627
4196
25656
42584
1498
41321
28013
43336
32918
24273
34899
10849
17401
27826
39063
5592
16698
25971
3987
15133
2770
34038
29847
722
39579
25993
850
27575
25384
309
2683
4389
4136
31710
15375
18444
32178
40175
25415
5005
23484
35905
39354
23073
14726
30521
20511
25392
24191
35438
23329
3971
19286
29577
30568
16837
6072
9378
37799
21881
27048
26599
8279
31226
3785
2662
10887
6723
2929
428
43239
37785
25776
38145
25825
4256
29243
30547
7449
38980
13481
4174
26141
18929
33542
26401
14516
22765
3684
19
449
24554
616
36229
38686
12705
33255
33551
21760
14387
41457
4532
36844
10992
42668
43713
12128
8726
29041
44711
24892
33157
7361
22768
13563
2206
33300
9016
29695
20971
27745
36993
22181
31516
26365
25771
35983
21681
7420
3227
15357
21582
26805
6448
38771
16449
13477
41328
20260
25769
9931
24231
16723
34560
958
26563
6200
20368
30791
23346
4182
14595
11267
5410
9576
27772
856
42363
14861
17863
14105
39302
19377
3132
41032
31435
16964
38635
21525
32873
1321
24696
8985
44685
41206
25641
30627
13507
1538
22347
37741
8912
42814
9871
28204
9601
22577
30127
22006
21125
4312
36084
22122
37659
10416
31997
18823
43610
30151
19925
26643
8855
8033
16097
26550
754
39046
20375
4459
34917
5786
14499
39954
14166
30718
5003
4264
13185
1919
18407
35918
14069
6949
23522
33559
40855
32937
18459
15350
39238
42134
26239
38607
30034
29768
22229
4014
25992
22566
16838
17251
40362
27716
39978
28289
16874
34502
33139
30348
7759
28429
41187
4045
16042
24529
14143
11446
3168
9915
7880
35614
40967
10561
3781
38924
42496
29332
31179
41138
14482
9934
22529
37157
2430
22160
30067
16743
39727
11078
8213
23167
43196
31353
13885
22043
2369
32382
9025
11817
20904
9296
33131
28830
19288
1456
38128
21301
25148
36527
13166
625
32687
13508
30404
41832
5374
25074
17913
31326
19565
23970
1700
41827
35626
18058
3786
43148
23168
9645
1411
1510
13894
16809
35851
8461
6287
28053
30577
16687
22207
23087
29897
22612
22342
38132
18045
41188
10619
2222
23261
39327
10684
39915
2957
19896
43317
27433
10345
17261
38350
40809
44019
42385
12759
16084
25490
972
31825
13663
42072
28416
22360
18450
22798
10044
4319
3235
26472
5206
7837
14125
17237
42728
37826
26557
7710
31557
24708
2094
28819
15807
6092
21772
35601
38428
10576
3251
7923
23135
13549
4520
1622
15325
12890
22909
29576
40218
44022
28288
8713
271
44349
33017
42352
19347
24024
34705
11442
15371
35582
64
19704
42777
8941
17531
30306
23465
28462
4177
35662
9373
44842
12391
41989
446
6531
30342
38297
20993
18724
35149
15866
30664
32800
38852
13415
6725
14531
40481
8341
36780
7195
11395
16412
17244
11703
29514
8000
32796
28319
28095
571
16415
22900
3650
24324
21203
34652
25105
1994
38236
28356
44119
12585
4278
25321
927
42687
41069
2639
36805
42218
38808
42615
14365
10007
41292
28835
39245
34011
5551
36033
4297
37810
41261
45016
33813
32010
33007
32387
5492
13902
10067
29259
36421
8648
1348
18398
5572
16748
23281
168
3540
27376
23592
26359
22185
13031
39419
9738
44695
9534
12313
16300
14562
20961
33436
3655
574
1354
31017
33867
45023
38789
8917
19045
15039
33379
18872
36236
35994
6679
30292
5255
8366
7943
42278
37155
2427
7535
23394
42670
44175
26774
23516
11161
22869
7958
43119
18248
15962
32847
30959
10618
21847
5972
6028
3763
22995
26402
25841
23030
21684
26394
19769
36648
7797
44797
3035
25201
39079
44360
19096
15134
28655
24472
3441
23707
13260
24203
16697
41083
43215
10555
21916
11617
18542
40557
36191
31276
39216
8165
38436
15565
39884
8113
44598
28678
20817
13982
15669
44334
21982
17645
10414
3814
40861
35363
32862
26702
34918
33076
9402
24780
16562
20864
5514
10698
25336
12895
3119
27101
19070
22260
14226
5061
11309
960
26518
25556
25252
25553
24550
27298
22924
21515
19152
31013
22261
13034
32828
13350
30586
32416
42650
10327
9942
36598
5653
7273
35495
17307
9321
240
12916
6526
16450
23104
24870
11296
22411
17713
10994
12155
30512
4614
13217
33053
44233
26195
18393
14008
21025
12288
4522
29312
27152
21810
889
3382
17008
18085
20214
29338
6584
30714
20014
12467
19323
35955
22442
24704
17174
22491
36574
12158
19492
30349
14896
8382
39991
15584
33233
27139
33225
40431
38276
33787
20724
39850
22002
25848
38776
109
29392
9947
4418
5098
24426
38094
3595
24700
11624
38495
34901
40874
25380
24573
36172
41143
27499
35843
16994
35184
33906
40072
44949
20443
17657
1887
2271
33151
17045
16779
10279
17813
8823
32242
334
7607
17116
15963
31609
35091
18595
35015
26425
23806
6094
39191
6296
703
16455
4818
22293
42990
9644
41194
25115
21589
42617
33352
18821
3281
43351
11652
10903
22884
4585
22011
7390
26455
10293
33845
37230
23033
37365
25806
28934
42390
18582
36777
18506
5424
41355
27638
733
7345
883
44984
21010
18790
2621
11006
623
4026
21000
26288
33901
43244
27821
42595
11497
15053
25982
34316
21608
31626
12791
9491
38006
25068
32453
18640
24143
7909
29173
19056
43305
38441
36785
29826
28234
41769
20418
13472
44365
11496
39308
21394
6455
40240
11012
27088
18428
36726
24847
1573
40818
15482
41645
14802
42852
4674
12846
31535
3215
8488
41995
40901
6012
15646
20039
14361
23933
8580
9735
39827
21898
11277
24695
43282
22888
42844
11781
40333
17825
18827
2972
42336
11118
5221
20808
27349
39396
9451
30784
2441
11868
15707
28751
21250
75
25760
38318
26382
32654
18552
22910
12229
7397
42775
31963
10168
18403
10154
7207
8282
34527
6343
36629
44489
20491
2800
21015
5159
31134
21131
3421
1638
8590
26544
32495
13230
32669
10716
8770
33065
35971
29302
3068
4419
10307
42165
8622
23324
852
22537
36539
7912
6015
26621
25342
11469
14621
12517
15006
34052
10450
19693
28102
4104
29081
36477
31528
20381
24200
16347
16653
18971
17689
28937
27759
28838
10086
21388
25277
39939
16441
34098
21915
12355
8378
6400
30198
38983
18697
16301
37218
24029
36093
1591
13295
17277
6474
20331
10720
39091
45139
6113
19313
42738
15947
43778
21048
44989
3066
41809
39625
22568
39165
27474
18622
1582
28336
9416
34924
24983
34598
3268
43641
13313
38341
28960
39473
11023
31016
20094
24727
35485
4850
14925
16382
10173
12265
36835
21951
3862
29658
39013
44821
25669
27637
40445
7089
43856
38981
27097
2157
28656
2263
23845
36934
14234
22140
26585
16303
11216
35826
6637
6369
16802
5722
34174
36544
819
8405
15964
30721
36393
32256
27010
12513
1620
44593
37175
27397
33292
22068
25788
22345
34378
27589
43717
2774
763
6663
13361
20393
40662
16324
24196
7647
40030
3950
8681
28638
37706
29728
15703
34396
5210
25789
31730
4307
16315
20165
3071
33722
34013
41093
23509
29491
38426
3347
1519
30729
29615
2269
29578
16670
9833
20175
34782
42967
9653
42283
17618
3821
11911
43799
2786
3847
3236
31933
10650
7334
33382
16104
21814
21326
30552
22428
9577
34523
22587
23858
1026
41623
12640
31982
2954
34085
40553
29763
18134
37836
23151
10765
21641
28482
27559
25433
29178
7481
16187
13840
36762
550
20361
12850
37961
3313
23057
9943
13696
6568
14370
28194
16996
36589
1175
27123
7454
10253
26807
27964
1797
8585
13898
42826
11804
7374
15995
44629
23392
39259
26105
26360
34076
3528
44712
28425
17611
18314
43575
42502
15873
2776
40596
41096
38518
6132
14842
27353
14550
10620
43811
3450
5237
44231
4274
37687
23431
11970
26986
29562
19315
6201
30288
40016
19972
3891
33199
34586
27764
13792
23683
17954
29659
17036
2324
5299
28611
14363
33996
16502
705
44236
42490
7144
36460
12330
765
527
45009
6702
24831
18179
26852
20897
42109
2037
2113
12033
11733
12006
38984
17831
23983
38600
28885
2362
27317
28536
13772
11010
395
28786
10777
18614
28193
19490
31188
15628
39281
30882
42568
5088
8746
10652
6687
6788
41126
18598
36701
10012
10750
25729
24147
4913
3149
25416
28598
2965
38988
11629
36987
18874
10397
8225
3501
17352
4450
43490
42902
32201
41663
84
18330
18498
23342
17946
42139
23410
43111
41233
302
42159
3292
13816
24886
45155
20926
15896
43649
40871
27007
5215
36756
4570
35764
39207
10940
8408
33353
25200
20798
42285
35866
15408
14009
31272
27583
36177
11037
4885
32787
44092
36779
43187
44926
2493
1925
30751
11088
32214
37474
5109
26265
6475
16360
11385
16973
34616
182
15352
2887
43087
45169
6168
31502
27507
23206
10637
5135
3623
17712
1181
25651
17852
23549
24548
31574
35486
15491
34171
32013
36254
42996
19956
44006
36282
38343
16487
25005
21459
20611
17409
11300
26389
35391
34287
11236
8007
12233
26266
10769
2139
33712
28046
36263
8721
29786
30309
29718
8556
24377
19853
35394
13303
33369
16173
8320
11000
21524
22992
22789
6769
15203
24292
25300
42379
20531
11560
44330
44992
20684
7406
39723
42838
22230
19870
18796
23034
17522
35509
18373
18345
7141
17772
16204
6699
12218
7263
20873
33533
26939
26318
32098
40466
30425
34428
42202
39849
8183
44240
5664
15225
4069
24947
29597
29384
1685
39176
39414
23334
31099
29970
70
18841
21386
40819
29785
20498
44203
10462
21031
44921
9346
29596
42014
38464
16634
26977
44837
27486
45153
41416
31754
5913
38153
15681
12933
43100
4869
4181
9259
36685
40592
20985
22987
25405
34126
18589
631
6438
36908
8114
25116
11318
31446
42675
26368
24036
34518
4184
4669
26037
9731
37017
33627
28171
41247
13966
4163
16834
578
14825
9363
26489
44396
12764
6834
17159
14238
2515
38278
2955
37164
868
28239
26953
36482
196
8617
27330
5896
29461
21316
18688
17140
29497
32531
36241
8132
21382
39232
27202
38126
15757
33156
10059
3050
22823
22952
29486
6414
21763
23931
32209
20281
26769
24459
37439
22245
37074
6361
4490
27710
18132
7527
28704
8922
45208
19110
11185
24123
37549
15353
38226
38357
39898
4456
1986
28393
7382
8924
34239
40949
25519
15838
32633
10390
7456
12960
34031
41754
14985
15675
8306
3280
2763
21843
37317
34890
20525
10142
28162
17966
35883
2944
30236
41549
29724
31889
35783
11123
9841
44912
16124
3866
31850
37868
22974
13633
14495
2593
15287
23402
15803
21612
3051
26972
7704
12907
3587
35240
16494
10680
21019
39600
28199
16975
25912
31470
38533
41476
22920
21929
12948
12426
39641
6924
25728
30147
11283
4075
34441
16851
32627
14121
36239
23451
20704
31801
16966
16169
12696
7153
34855
26095
33191
43150
1370
11400
24142
10597
29428
34970
11994
14175
22019
15929
36588
15907
6688
5494
19826
13867
16046
7800
21802
23376
26046
2599
14205
1717
402
1766
8219
14102
22098
13889
43164
34672
21975
40554
25195
23755
31723
38148
31648
18692
32899
37883
27117
14706
23722
33736
22032
37471
20512
6579
21682
41067
23930
17221
42865
17955
43428
40647
14428
35998
27847
516
32851
19820
42208
31622
11680
17818
39575
1189
12161
5849
37262
21037
33767
40969
26270
9771
6443
15286
8427
39831
38051
25031
10768
42416
36506
4245
31255
27425
3647
33485
25617
20195
34795
25529
24306
43441
24009
10222
4066
17324
39043
24014
13095
36372
27843
27592
39537
21782
4881
29567
43023
5857
44901
21813
14833
22384
24580
19854
13683
40364
32867
35310
8779
36294
6533
33407
28232
12136
21199
31421
7839
9213
2945
5641
25606
23927
4410
21263
25905
3436
6967
26264
14319
5939
30285
26513
5205
44251
36493
24949
25493
30536
18853
20209
13107
24595
12377
12376
16071
24373
42878
1477
1210
37838
26243
27455
5068
33445
45010
44980
31786
16997
16805
13405
40942
41353
39119
10402
36458
5039
24470
35250
26844
38178
24113
32113
10079
22125
43550
3427
28746
39988
38386
25035
23840
42659
6229
32958
23975
9189
23027
26958
24357
6404
37273
38898
43749
26885
12437
27902
23249
9648
3098
780
32357
17742
42517
32949
39674
3899
4797
42092
26710
5569
22300
43819
12736
28642
8268
7981
28005
26586
18993
25516
32758
19276
44306
25025
44566
37168
5246
22911
14339
13603
5469
41125
22802
9686
29648
4566
41254
38956
31170
27421
21283
22960
38029
2631
35428
7649
3870
34617
26990
3852
22013
8598
37835
41723
26790
22406
9092
41240
29350
32204
44569
40973
26281
19040
20119
36570
41043
21266
28135
23462
445
40006
32792
18322
21865
21497
22897
4248
10999
3036
7618
25876
34638
21245
19910
40639
44565
15594
39455
20477
39338
14868
25110
9230
19301
40343
36268
44091
25933
43720
17623
37511
35352
28509
13680
40491
29345
45008
13501
42793
40368
42870
8089
25550
40194
22407
27104
12590
20300
12207
11020
27042
38571
14814
39794
22575
16505
8983
11965
39972
19086
16514
36089
17334
33177
18111
9176
5799
42973
35902
32383
17575
6740
17305
14683
35970
19909
41732
17113
41401
35798
20366
3469
29433
9152
8685
5123
20458
14129
31858
34904
26943
25383
23222
1052
16956
30355
4765
25584
31912
37500
34848
29021
18791
14950
34593
27122
25296
20921
8589
34025
42539
16387
12891
1839
38624
40698
41690
24506
5661
1055
36231
6147
26071
439
10322
11483
27911
40523
24275
32911
16515
33815
28965
2407
6256
41472
5856
28983
6507
28589
14870
20182
33921
36784
747
24167
29042
36786
37274
16677
33709
39025
8349
44138
1884
35085
7529
35755
29325
5236
38024
577
708
142
11412
22817
34959
32722
4387
946
3043
365
7682
20473
1373
5985
25159
37436
45177
16101
3816
28822
11756
33020
38465
22283
5739
21541
42516
810
31957
7088
32391
5947
40632
31902
5052
42214
28071
10281
36457
41368
14169
23842
38795
29582
10727
38046
29867
19087
19426
13423
31966
37506
28928
26704
37898
25690
7787
25486
10868
40547
44258
27616
31168
27667
17751
31524
5200
7600
25269
13662
26098
36065
10928
3697
36559
11113
43097
40649
42241
5669
8737
25927
860
2635
14569
18758
19792
22674
29290
1775
26216
26196
19767
35128
23630
17501
30895
29566
31207
18176
25326
43070
32750
9058
10718
36145
7855
8793
1880
4656
11704
16480
22943
21860
18385
35381
14474
8477
18359
11106
37972
19898
11651
12121
5047
20419
33212
11500
12644
26582
5748
9708
40346
31967
44694
12130
9500
35479
11547
18420
10771
32970
29512
43775
37022
40588
9408
5416
24583
44023
10074
3327
16903
4770
10566
17145
43822
32239
40711
20818
33421
13756
42316
8107
741
25680
32270
511
44632
40336
7934
40201
23247
33121
36812
25830
28926
34713
2286
23060
33012
12488
15276
35447
28593
27118
33663
12248
13174
19968
3628
31663
21557
27804
11083
412
17854
44366
34303
7620
16164
41170
4339
9311
20836
6812
28438
12512
33540
5498
30042
28229
11290
14354
18144
14041
40244
40798
40699
11976
20423
7402
42715
630
12581
37740
15943
30861
33169
1483
18016
14260
17635
33611
16885
21032
23323
23374
40900
21091
713
21321
18497
13226
31056
18014
12681
33728
36587
8852
41091
28323
1408
28172
12571
33477
17250
30216
23805
38222
29126
2237
27362
9503
37552
29799
41739
11830
25718
29678
7407
20240
9982
15121
13345
23439
31472
45149
1852
39233
12220
2409
1751
39014
10102
23821
34108
8531
41533
1747
14894
17454
25179
5081
38204
18174
5609
6373
6889
5912
174
2078
22319
44673
5423
26065
21764
14572
7785
40593
35476
1938
18879
18414
26142
13096
18782
27785
34846
35358
5590
11631
16075
25737
16695
15048
26770
4944
4920
37781
1131
2275
29697
30701
42391
14507
31674
40836
41779
2398
35189
7753
3328
43725
24767
39763
35387
19030
32886
32355
4463
34318
39038
44908
44463
26478
16174
32324
15604
42508
18492
36011
31908
8413
40630
12186
6504
21142
4488
14404
21416
43546
28118
16608
8024
37454
14347
23313
3276
22239
42151
34912
17071
20627
10474
24630
24518
20484
16434
10069
5737
39085
21798
41709
29414
15811
33181
9108
35694
28308
7545
4915
11672
45163
1082
32081
13523
27350
36635
35562
36976
41640
34813
34720
40136
13228
2987
13484
39226
9658
32412
18400
43662
25855
39130
6424
14209
21618
2779
20886
37509
23789
1163
18361
10741
38137
21728
11280
18863
29937
42677
26477
24462
33113
36123
44640
4806
14625
5465
214
7300
12358
19379
26577
34866
26077
33487
7471
3438
11013
37721
32038
36821
38385
23643
34511
31868
4139
36637
6839
42752
14277
31721
21426
20626
21820
3443
19951
32037
28539
27494
34998
37393
28636
10250
25672
14374
31909
15495
9276
9550
2712
16390
36914
15764
41082
39577
15812
3202
10468
42470
42351
7331
3110
38689
30284
5301
2740
14855
38688
21678
34250
21901
31302
38583
977
10239
7693
33842
31113
38099
36109
7976
42350
25608
31040
13737
13487
36582
40044
25545
42334
37479
42625
24738
43324
42958
38785
24744
9866
20373
5093
29257
25160
16930
31149
44999
3375
29655
1643
21352
8254
30088
18368
35412
1623
27308
21693
25555
17688
19340
39088
44572
19977
9384
9301
22314
38911
724
33068
31476
17805
17326
37440
44560
37717
41952
24951
5333
17301
44449
28553
44393
32234
37424
42603
28440
34180
9445
42286
19015
21696
40014
33108
26207
15071
29271
29393
9865
10591
8442
39564
28496
37901
111
40159
18995
37948
7667
3855
11701
33252
45174
2415
32282
33585
44018
42543
16632
9691
28804
16322
28664
23433
12491
17222
3838
40480
21831
17834
29940
19140
7025
37786
44237
11424
44641
41019
13374
19919
2535
33920
36449
45011
35592
1768
3245
18654
28541
17827
32262
42437
41381
31287
10029
16345
13519
29324
43113
3047
9950
19824
1770
14185
42959
43699
32484
45159
39817
16625
579
9543
9939
11218
29789
43634
5846
43165
29524
16006
39633
22449
37303
9852
22012
41639
10432
30072
33354
4329
31888
29750
23987
42946
19572
23426
18010
25086
887
2886
5367
32909
27672
36343
33141
269
15246
6439
39006
15679
33527
30385
13567
34021
44047
29019
29833
1104
32466
288
35294
2315
17944
41871
21875
3885
33743
39192
30150
6298
40129
30738
42631
44813
5577
40741
20651
38339
41703
8898
17484
23294
6566
14883
25350
38644
35524
43551
19416
32597
11866
4713
3446
13980
8212
11453
23831
4172
32114
9804
29516
42749
36955
25164
37425
28817
9770
41311
20956
8041
13116
9459
34631
12051
19264
24990
32753
24984
38938
25505
8312
18529
949
43632
21720
19432
39198
36406
44953
44381
24037
37825
11955
26928
22811
44084
6146
24082
15348
45059
23579
18227
3964
4050
43837
25632
6592
12859
23258
19627
9762
28179
41775
33869
7459
42297
8798
19816
9963
43712
3571
13730
4668
44503
19001
27612
5984
8739
3028
262
17596
27223
8568
7354
7687
35038
23961
15200
16149
44548
31693
21838
3819
31154
34134
20222
37263
5832
8426
44747
14296
29865
23246
3742
14158
12720
24615
8814
38830
41636
31131
15930
18483
19073
1886
39628
23130
2590
20703
43030
44872
28512
34075
25634
20953
15709
35205
10505
19952
20940
18303
43203
39597
31669
41522
25698
7033
41097
11268
34800
8724
26752
8451
732
14094
2373
37309
25758
20878
43834
43884
22700
2505
641
42579
1940
18218
518
20459
39064
11373
28958
17567
8318
38052
26955
15683
19770
6858
4
21578
13809
5628
19957
24743
26253
42549
4333
10817
37517
34135
31948
15575
4812
23254
39057
15416
19999
35340
23189
20461
31145
42083
37150
28478
32167
25820
4493
43186
13237
29755
433
26200
5824
29117
32452
20290
43060
41791
17105
10624
34793
19673
29932
24526
3949
9195
3805
25333
1939
18722
2371
20765
36742
5459
38150
21642
18275
12430
40453
18889
20898
20201
32096
30839
34702
11544
43878
43942
11370
13088
17999
27555
6548
25157