78
1031
668
672
652
639
1680
708
899
1222
729
665
491
1150
558
177
596
656
654
1479
851
12
1320
515
525
251
644
72
314
579
258
484
1084
117
718
1252
1429
611
804
399
915
747
1435
823
528
619
1522
1549
287
711
460
511
463
1420
467
647
545
1188
326
215
293
172
1529
1397
1246
1042
838
1024
332
1460
1433
1610
227
1454
1048
1113
568
188
166
67
548
1427
764
1697
217
608
147
795
371
406
1116
1594
1206
566
369
1616
1405
657
1565
59
1176
1326
151
955
517
1212
289
1408
1243
969
780
1
208
1092
1072
650
997
860
1355
802
820
1126
1711
141
896
348
121
1331
880
704
26
1148
1518
1533
1694
1531
402
1417
395
1512
1409
376
1611
110
494
806
1184
448
682
65
1681
105
353
583
863
142
513
1387
1661
133
233
144
1179
1105
62
71
500
1250
1384
1412
902
1283
697
423
389
684
1552
1444
458
724
416
964
1295
1608
534
483
975
1203
1298
957
88
1712
49
74
1682
11
1476
1292
592
412
1164
14
321
268
1375
1067
562
468
1495
1278
1598
1195
1151
1642
444
1178
44
83
265
1592
1691
889
470
86
544
1348
1486
954
1639
1134
363
1083
31
510
572
1350
870
594
1539
883
855
1152
1704
630
75
156
1723
1145
688
539
913
841
1303
1663
1471
706
1432
498
1086
776
1410
617
1683
427
1489
1724
361
1530
917
202
777
882
857
740
1406
138
248
1614
214
1383
897
1500
356
1190
492
1345
360
1245
1649
271
1378
733
988
400
285
931
1535
713
1239
89
1705
962
928
1006
848
1263
937
35
932
1498
903
750
1280
1144
587
1044
1193
759
381
1088
219
1440
1491
949
312
505
452
1707
1689
50
1640
1388
3
396
1043
1620
921
1380
895
502
877
1515
1554
1591
322
1259
772
609
1439
300
998
1703
1103
805
232
521
753
1453
136
1154
1400
183
755
1466
1228
401
358
295
673
365
420
218
1328
1404
714
875
553
1091
278
1323
1674
1627
1364
1574
257
1143
1436
1586
124
1359
1157
1258
892
976
1389
1267
174
87
968
1628
1253
1615
1536
465
1474
294
1098
565
1230
1225
557
1517
160
1699
970
1635
1358
809
1108
1261
1030
589
1251
96
54
1560
754
810
1487
1004
229
597
1128
122
1339
485
131
211
770
1242
824
1216
279
308
299
1483
1677
341
837
1450
807
752
32
301
798
509
349
46
621
63
739
1571
1368
191
974
567
1036
726
693
947
1403
1395
890
445
881
1075
1047
22
1520
97
1160
783
1659
81
554
757
645
797
250
1511
1033
1236
1646
670
746
1547
716
69
631
434
1349
70
1509
195
715
1284
307
221
1102
635
719
1686
113
1636
1546
1237
357
751