3324
1368
4226
984
3915
1038
4767
76
3430
1821
3222
318
3
489
2096
4752
3509
3189
357
3666
1831
4649
1180
1704
3948
612
2588
1244
1151
2138
2145
2211
3352
485
1674
1112
905
4547
2666
3418
4334
743
4102
3055
2282
745
1689
3892
849
3526
3921
811
367
2526
3687
1290
2572
487
985
1319
3472
150
4805
2156
3286
3486
630
2186
734
432
4780
4740
4155
1715
4221
1954
2789
3042
3017
787
447
995
3206
3239
1407
4452
4645
2616
2604
2143
699
633
4093
4355
1713
1138
4444
2613
3741
3046
4030
987
2464
4729
1216
4621
901
2907
3178
1245
3724
2239
2741
28
2914
2751
4723
2505
4692
3050
4596
3386
192
3815
182
303
261
4178
3553
702
1330
1014
1465
2797
1167
4983
3281
2815
549
3859
2512
4514
1125
4522
2735
550
563
236
4552
1986
1823
2691
1484
1851
4675
2817
4236
1955
3219
4066
843
1558
1145
4582
503
1702
4124
2106
1901
1
2422
446
4832
1475
449
1875
3470
4454
953
1206
2599
1543
3993
2944
1733
2727
4762
465
2695
4260
4964
3193
4271
309
2267
2854
1839
4787
2833
2028
3957
3717
687
2524
381
971
1852
3823
3612
2589
3806
2417
2856
2565
407
3779
583
4779
1511
3664
2307
2997
1095
4302
3782
1654
1144
4017
1266
1606
975
3606
1718
962
1790
2275
3035
4366
1492
2788
668
3269
618
3084
735
2361
4517
156
911
1815
1172
1377
1848
1347
1593
3524
894
1466
260
3963
1890
4674
2153
1292
726
3347
2303
3812
948
634
2954
2822
1945
4023
1022
4243
2542
443
2912
4566
1231
4839
1904
4941
4824
1568
2128
4554
2942
819
1079
866
470
1645
2938
424
1229
1238
3399
3654
2750
4811
1021
3703
58
2277
4827
1140
101
3598
3108
2561
4120
4993
1355
2247
4803
1013
143
2773
1207
2926
2715
3584
2379
17
3715
3007
2152
4668
4529
2217
222
2995
1933
1865
3764
214
3807
2343
3160
2964
4644
1911
3329
191
3848
2319
1988
2389
228
1289
1756
4626
833
681
1855
3247
3835
4319
3929
3765
4594
3697
353
4800
139
3719
3156
4377
3876
1672
2204
140
1541
2081
829
3493
3266
1297
930
2723
1964
4346
827
3366
3252
4448
1448
194
2972
3137
4791
714
1912
469
4630
4147
793
2369
4437
2309
3977
4806
3289
3574
3391
4943
521
933
609
3711
3944
2202
2577
3855
64
2169
4648
1253
1940
138
814
3197
1409
2415
4904
4794
2387
4415
93
3393
1632
952
3482
4712
670
4284
2250
4076
4587
4123
2509
2495
2925
507
4021
3541
4338
3638
2718
4186
666
1992
845
972
3672
4189
2014
2557
763
2155
1220
4703
4352
3317
4521
2520
3777
2352
3614
274
4035
1677
1497
1717
1714
1230
2813
3714
2005
3737
152
1340
3905
2405
4533
3653
1673
3444
2953
844
854
3484
2175
4195
744
4935
155
2221
4695
1439
4356
2435
2443
4495
3149
3615
848
1806
2449
168
1478
4001
4531
3014
4074
4070
2784
1937
1847
350
1384
365
3021
3392
2560
254
3237
2027
3491
2061
1104
3930
4219
4140
3069
3811
4535
651
4499
4046
502
4760
4256
2835
1501
1605
2631
722
2011
4463
4892
2757
3111
471
1169
1792
1833
4251
654
3475
3500
1575
1363
184
1318
3693
2745
3254
1182
4685
2467
1580
4657
4077
265
422
3287
2022
956
4400
2935
4724
944
524
475
2844
2892
2514
970
980
3636
3810
2590
1431
3813
1579
1364
3008
4042
3432
1953
1698
4011
2955
4592
206
4455
4638
2456
2400
4526
4642
1158
2983
3797
3656
2657
4418
1559
1819
3166
3356
3632
4560
1784
2231
1669
452
1190
917
1391
1588
1386
4539
2006
4744
1922
84
682
2625
220
4633
1408
1795
2269
2974
2786
3832
83
3698
198
2228
4910
429
1853
195
1346
1159
4402
3528
29
116
4828
4208
537
589
1335
137
3620
1748
4118
1651
2630
3264
2349
1426
1897
4059
2425
4691
2742
1976
1437
4908
567
2170
4172
2725
949
2176
4192
4297
698
2611
335
196
4187
3965
2079
2088
175
1932
70
2779
2549
518
2162
1814
2126
966
4
1042
561
4310
124
2146
3924
3246
4373
1490
1102
421
757
3114
4819
4969
741
2042
2554
2273
1529
4401
4739
1563
1519
3135
1217
4865
2792
4084
1051
1686
2147
1496
4457
526
1380
3881
1491
4783
2939
4992
153
957
4477
1389
3218
3463
2667
3409
4523
2371
4139
1078
3058
3123
4489
3860
2989
3077
4244
3088
4743
2511
731
2380
1891
2472
2528
2420
3590
361
2992
3109
1681
988
2562
1056
315
31
160
4010
1952
3599
1552
899
3882
4793
4012
3926
199
1646
3243
3451
1934
2457
4524
3013
853
1028
4718
4823
1179
157
792
3333
1285
2504
3945
418
4618
2085
4717
3185
346
4160
3967
4511
4374
865
4616
2766
178
4996
4283
4425
706
4527
3877
3361
80
4467
2655
2593
4634
1221
4092
3429
81
2151
4937
3639
2004
1110
1258
3968
2576
2302
2020
4204
3332
4920
2614
434
570
3579
2212
3955
1826
1284
4170
384
4574
3068
2731
4555
4494
540
4068
1435
3761
3769
4306
1300
1372
3878
2223
3801
1878
2678
1488
878
3101
1350
1320
3917
2776
2132
2845
3145
3927
1644
2976
4852
1598
201
4484
4738
1009
555
1726
406
3231
1115
1351
1203
339
391
1524
1348
2498
801
1421
2615
1586
467
4281
85
4660
1956
4790
600
2351
809
1920
1239
2659
4855
3132
3443
1301
2908
994
694
223
4062
65
963
3866
2397
3227
1060
1287
1885
2082
3545
2310
3404
444
2205
90
203
2764
4142
1893
4782
3043
189
3092
4944
3958
2124
3938
1148
803
4054
4949
4825
877
4183
129
2894
2232
2001
2070
2915
1311
1793
3198
2434
1835
3515
3962
2836
4858
3539
322
981
2131
4405
1520
3162
2551
2899
2359
2007
3462
1444
2114
2330
2306
876
4411
2529
2279
2325
3784
2486
1089
4845
313
1591
703
170
305
1026
3223
1666
2874
1984
3939
3708
1949
2220
4542
4756
3118
121
490
2975
2643
679
409
1951
3651
3006
1460
4581
88
552
4496
1184
1278
1886
3140
1337
375
4136
3890
2838
2883
825
4078
2922
4814
3591
347
2690
278
2354
4321
481
3852
1291
410
4559
210
4329
4568
2080
4249
3705
584
4812
2626
2041
1236
360
2066
354
3701
1876
644
2621
2411
4758
1020
2173
3817
903
4064
4705
535
872
4218
1306
2968
4232
32
4098
4903
166
3012
1008
4939
4429
4640
2645
373
2834
4488
885
1342
3131
2880
2927
3570
2699
4591
55
4361
3534
1859
237
1854
281
522
1963
162
2568
2452
3220
1596
4381
4134
4973
4792
867
3190
2198
310
3091
1640
4502
2326
3388
4895
2977
2064
200
730
4165
2920
1658
4487
2620
935
3066
1587
4071
3496
515
3238
2370
4604
3726
656
2840
4410
3794
285
718
2749
1802
4551
289
165
2245
352
2705
4853
774
1250
3202
2582
2068
1027
2071
3589
705
2973
2218
2601
873
771
3363
4968
2430
1785
3453
2710
1307
1270
233
34
2160
1109
468
1613
1981
3912
484
3596
298
43
3447
627
1303
392
4272
3345
4530
1343
4482
4435
2312
1442
15
2367
1980
227
2771
10
2805
306
1069
1005
1499
3041
2194
4818
2174
3728
3080
3849
3495
2281
2948
598
1522
2594
785
839
1734
3335
4612
371
1656
4224
3661
3296
35
3306
1809
1450
4128
4925
4428
1302
1323
3543
1473
141
4096
216
1414
1328
529
22
2853
4273
1309
891
4528
2916
4326
4905
2215
3978
1663
3613
4207
542
2300
2585
879
893
2627
2640
753
713
3010
3004
2470
95
3458
3821
4635
4702
528
1719
2734
2981
1242
40
3738
3868
919
1276
3910
1040
4875
2540
1864
4769
2021
1722
2075
4312
2023
1781
2121
460
3146
1607
188
4890
3136
2546
302
4873
4104
3805
1137
4456
1601
3229
2063
1799
2819
130
3483
3563
386
2208
715
2378
3346
2728
2864
4158
4864
1653
4715
1378
1493
3169
3073
3258
396
1010
3675
186
664
379
4210
1326
4412
1142
435
587
179
3637
4670
3513
1263
2115
4174
1315
1771
4917
3474
1561
2863
4978
4479
1469
4627
559
4841
4423
2072
436
4416
817
2238
2331
4504
3454
3900
3671
2251
2862
4520
2635
1072
4624
4427
4259
2696
751
3696
3532
3217
2348
3089
749
3124
3750
909
1166
974
1344
4129
3365
3433
4287
4369
4885
3439
4999
4736
173
2262
3658
1680
1764
2491
3053
862
2189
4442
4914
2100
4424
4541
2016
3107
4869
1392
3798
4470
1739
2037
1745
4389
2265
3448
3871
3514
492
293
1924
4019
4003
2708
2140
1870
4359
3410
3307
1233
547
3303
1690
1385
3152
3062