3867
12849
6366
12634
4075
3258
5865
3480
5554
6341
3419
12457
7552
5005
9887
6365
5238
9741
6011
12292
3388
9353
11978
4290
11703
12258
6973
6044
12900
10384
12135
779
1374
8938
9248
7126
5927
11252
8988
9747
2818
12870
3181
550
11820
10875
10007
3850
6528
11549
7353
9290
9440
9083
5593
2253
9363
9547
10502
3212
7297
10348
8213
456
226
1084
10036
897
712
9502
1799
10836
2502
1648
2112
8125
259
10983
5556
751
11120
11964
12885
9118
8833
5332
7840
354
4058
4629
988
10452
3145
5088
11090
2050
4779
958
8815
3477
6570
5240
847
5934
5512
10540
9304
3553
1620
1969
11905
8832
543
8688
4442
6422
4763
3024
6748
5791
2218
4571
5438
6998
5535
11991
12286
8202
850
12743
2551
2992
7420
8788
11847
11275
7272
6126
1181
4337
3435
3050
10235
7888
4082
3914
6972
7648
4695
8745
8384
5630
7519
8109
7740
1213
12016
3450
2708
11630
7706
3408
4191
8133
8810
2453
3699
5254
5036
8240
9372
12079
4677
3031
2470
6951
9492
2578
371
7282
4962
10360
9219
9901
10039
9624
4540
4313
4965
1551
6899
7773
3427
7245
10434
10221
8355
12940
3584
3911
3896
11014
414
4321
9255
4084
3565
12410
8982
9414
2622
3732
10013
9567
2187
10207
7292
4042
4434
11783
6843
7261
5719
2066
9340
3698
1902
3827
1586
12074
3592
6493
7316
5908
9254
6764
12091
6520
5726
9382
3663
11211
6982
8660
1709
9600
3219
1464
10536
5387
10650
3323
956
7609
10021
5631
6938
4557
5688
12774
3843
4001
10771
9634
6700
391
12360
1631
81
7908
8351
12532
11016
10286
6807
1561
11295
1167
11329
12662
9319
12472
7788
3966
2382
664
9226
5700
8135
9043
3518
5503
10372
285
3442
8992
8951
11443
4449
699
2926
2263
12293
661
6122
769
1138
8348
375
8731
11570
12492
7457
1828
4328
8654
719
42
8669
3465
10687
2094
10528
10495
10999
4851
5786
12860
9808
8962
7483
2984
5431
4439
858
5109
541
2830
3117
9184
10786
889
5663
2600
8278
4701
663
6045
6208
904
11245
3893
519
5394
10715
3451
2973
12757
9330
734
3241
8167
901
12251
3952
5363
9738
4217
9342
1465
352
8370
4620
6260
7485
2784
808
9811
6259
8809
5581
12395
11436
195
6113
7443
1454
9967
6681
1369
5523
8895
6844
4983
1265
4640
10775
11568
3809
2110
8123
4941
7993
11215
8580
10257
10369
8701
270
8957
1254
12469
8154
8256
1966
12465
5341
10666
7721
4837
12571
398
9176
9913
5330
11759
4118
4146
487
4426
4991
1883
1329
5425
10274
7052
1323
3564
1358
7662
8829
1352
9935
11492
2256
8204
11382
12373
4250
6336
11464
6545
1142
5137
10388
7754
828
952
5794
3172
4662
103
1513
1094
10088
2425
2882
9742
132
7770
3266
1438
12083
9841
12357
9667
11733
5811
1835
9479
5492
107
4549
6684
9462
2226
7600
10834
11421
2523
2490
9005
11636
7298
6662
2456
3021
555
10565
8586
6005
8023
11490
5209
10788
8275
12735
10304
3996
10967
9446
591
1878
11037
7381
3697
10729
11855
10524
3801
12719
4246
12706
12361
4619
12376
11844
2962
2606
5645
2148
12114
798
2048
9948
2761
9710
4968
4045
222
1943
9287
7530
12496
5534
7698
12645
5089
6160
2005
5416
8216
5064
1226
4251
2145
9325
9029
5766
544
2339
3711
5806
12591
12931
4002
12284
5050
9064
5249
7431
7782
4043
12115
1814
5155
68
7852
10240
11087
2039
5917
2138
4040
12702
11597
3980
10412
6971
3672
7772
5469
2775
12011
12289
3656
9756
9395
7007
9930
8835
12187
12433
4975
9006
863
7492
10737
1089
11615
2934
12244
11477
9612
6529
11261
4472
8228
8636
9703
106
2795
12409
3969
5571
11531
10721
9030
12482
4597
8659
10680
2594
9460
3751
1705
4902
11479
4373
3706
9351
7459
3924
4296
9801
5153
9541
5028
3892
12685
10420
6156
11544
2173
10475
2092
6501
4653
11420
12324
6186
11501
12717
300
7131
10264
11925
9680
9671
2483
977
4130
12531
3319
12783
4669
8136
2588
3272
6633
1131
11650
12311
123
7775
3861
11768
7427
2318
7670
9323
11137
7753
10248
3185
3623
11244
8566
1096
12657
12019
1049
6637
7921
12028
1247
7907
7914
7168
12112
5814
3558
3575
10449
28
188
7801
12013
4413
10498
3364
2409
57
509
7536
4565
673
8311
1342
8481
7759
4207
11763
3726
10038
390
8472
3115
6451
11282
4216
2198
12574
589
5660
8293
8913
11839
10327
8646
9759
4090
6663
7986
2389
8328
11102
6923
7694
3252
10429
5446
1681
12006
8777
3366
6812
6689
1645
6391
12568
6795
8629
1677
11404
3328
11357
538
8037
4389
9739
9229
4379
2185
4756
8378
11270
4183
1741
11145
1662
1669
3767
5983
10947
5608
298
7173
11995
2433
1016
3352
229
8702
5590
9059
9819
5836
1400
6600
7043
3639
8300
9625
7162
6914
2514
5017
169
9805
4027
10962
7952
4249
6388
7611
12446
8199
12942
7073
6884
1402
8397
9877
2890
587
4163
4937
2902
12443
9851
3777
8416
9882
1637
8368
5224
4181
2626
8576
668
1857
11412
6421
6470
4295
3298
9218
476
8904
2082
2807
2799
8892
4810
4409
4424
8597
7812
7326
3647
12231
1699
2892
8153
727
5168
3288
1958
4232
11887
8513
12910
9987
633
11374
12300
10476
11714
7744
457
4185
7128
7684
5138
12264
1805
7334
9821
7049
969
8782
3618
404
3042
1798
6283
3848
731
9968
3696
9982
1291
1503
2349
5459
12949
6219
3971
12058
3998
11
10701
8267
8497
6921
4277
9891
5577
7604
6866
4184
1328
11189
5683
12602
7716
4088
7351
2700
10508
6084
2120
1371
12792
2681
12498
12681
4347
5980
3204
9767
9155
8419
3304
2430
10931
5854
6833
10689
5134
2083
9215
3191
12296
6066
3513
5506
6955
12560
1018
3140
3829
6189
9220
8003
1337
6188
2089
11455
7863
7023
2785
12330
4769
12812
10749
7710
5574
5056
7468
2672
6425
954
9068
10153
3437
5636
12241
3341
4299
2246
8813
12579
9881
10661
1663
1409
12501
6609
9799
1428
4514
6197
5422
6256
409
1863
7832
370
3448
11749
9867
4212
12141
2064
6507
9466
3932
2131
9560
7034
355
10745
7389
3245
6548
3923
6111
3833
12143
7787
3289
2574
3055
4049
832
8386
5659
12797
11071
6913
8444
4813
6024
6450
5080
2792
4687
4681
3802
7588
4854
7456
6405
1170
5830
2046
1646
10545
9971
4338
11800
11603
5075
12795
2008
5827
423
3346
11418
7930
11045
4223
1169
7869
11534
10238
4430
3604
5592
2270
11702
2823
8214
10522
8538
12902
1947
10436
8661
3897
1444
155
700
819
9665
11380
1683
8402
11996
11659
9094
8423
868
8590
6429
11902
4685
1815
9438
4055
1481
2571
8653
6567
5016
2721
8553
5616
6657
7722
4920
6842
7414
7313
809
11614
9128
3540
4000
2249
11002
7936
6937
8465
9443
10812
7622
5306
5060
5930
10430
3133
1071
10637
10293
2831
7366
3192
3238
9723
323
7934
9906
3799
600
9367
9309
10610
6821
3686
11177
8074
9798
7111
347
7373
6354
10876
1571
12621
9239
1953
8158
9534
11278
12406
6395
4189
6431
415
11832
2525
2648
923
10053
2487
1486
47
8189
4504
3526
5949
12703
2307
2521
3483
12384
12789
1482
2491
9691
2636
7195
4777
11207
7581
3308
11986
6846
5090
268
1568
7950
9722
4789
11593
6485
9579
12959
11124
3312
7726
8911
4401
8521
6892
703
6432
11936
91
11752
8022
1574
3643
10380
11077
9036
6428
10810
4517
6877
10638
9550
4615
6950
7390
8168
243
1860
2531
2851
5323
11223
2396
6115
1437
2378
9453
11318
8461
9525
4366
7338
12947
2966
9038
10555
10725
657
10571
2013
3561
11442
11932
9773
6928
7209
8847
6823
4521
2271
10517
7080
6243
3591
6475
9900
9946
8244
1740
7102
11734
11099
1826
5470
11241
6875
12228
8257
134
12511
2797
7873
4352
2476
2058
1004
11943
11309
11130
2790
10308
7557
8694
3156
6462
6027
12353
921
2777
12266
785
8734
504
7889
3578
8662
12455
230
10521
1588
4683
9835
7860
5671
11553
8
9167
9190
1288
7350
8601
5770
2404
11966
2060
3736
4555
1914
5149
4214
10051
10297
10109
2427
11463
2106
11889
11064
11188
9365
3519
1005
9196
6349
4955
9535
10003
279
11019
6399
11686
1285
12450
7769
10535
2332
5255
10691
9847
4470
7280
1512
3962
9599
11345
11882
10246
432
8072
1754
9922
12438
7376
11122
12047
2870
109
2657
3547
10119
12581
3997
2183
348
11151
6437
7663
124
1496
896
8312
2745
10342
12281
8117
6175
741
5242
3674
2900
2223
2894
11748
997
1841
6505
2333
5620
1880
1810
10766
10731
7854
4575
5771
6772
4526
7084
10424
8477
3539
9111
3615
10010
1497
10653
3595
9854
6418
11736
7077
1375
8619
1474
38
9903
5626
5077
11118
218
8000
4068
8230
12589
7927
9652
10427
7190
207
12102
4465
8354
8078
6020
7618
765
1970
6309
4706
9915
9709
10258
11383
1927
12839
786
6368
3976
11518
6032
4868
496
3438
8581
2565
7302
5310
3276
3552
4617
1173
617
8337
12349
9910
2402
6840
9
11441
8050
10329
1443
5761
529
10376
474
9702
3918
5487
8218
10594
4257
12891
3320
12051
12271
9430
4480
12358
3143
11753
2299
8746
887
4990
8087
1628
975
10642
140
4285
7510
3475
7594
12388
12171
5283
3901
11720
12600
12190
927
10306
19
4783
6337
9809
7397
12333
10084
288
9917
10217
6
3607
1831
3353
1684
11792
9602
12236
11398
2881
8953
12334
1783
5971
5757
7072
3426
1414
701
11253
12871
939
3218
4634
3041
5745
7531
5463
3120
7558
5995
10667
3482
5083
7879
4202
3817
5442
3986
11834
11911
3826
4707
7751
1394
12221
5334
6488
6375
11233
2596
2488
5273
4490
8691
7520
387
5668
5783
6738
9199
3392
5067
3275
5655
7577
1388
12106
11618
366
982
1211
9286
762
12767
11584
12796
5629
12239
9092
10413
4903
11217
7182
11488
9416
9557
6693
8445
9516
1525
12223
7461
2689
8960
7345
1555
8223
405
6550
6499
9977
7999
581
2421
2562
3444
7154
8124
6537
5617
12213
7984
6852
10909
224
12856
6643
2995
214
10678
10587
4594
1565
8417
12927
8088
7011
10444
8182
2621
506
471
985
11136
686
5956
5964
8437
5707
7942
960
6915
4889
6263
11362
3069
12728
3878
8372
12780
7776
8707
8786
9485
3624
5763
3311
1260
10419
12346
7239
4370
9276
2140
255
3951
12363
3499
11967
6210
8873
4511
7139
3935
9080
7884
7544
9591
383
1640
7101
8400
11465
8144
10055
782
11088
8763
12527
9217
4371
9507
393
1491
11767
4056
4767
753
8549
1632
11579
5861
5654
11221
7619
8712
2946
6599
10673
11780
281
9046
8750
2678
6509
6101
6762
5576
8755
11712
4520
4050
8830
10281
11190
7880
11448
5270
8490
232
7973
3411
2012
6918
291
11394
10440
50
8498
9539
4628
8478
4512
4508
8091
10299
5982
4925
5812
9390
7878
11953
2986
7253
1636
12708
2464
11486
11289
8797
5384
311
1850
10002
5434
558
6690
6984
8473
3216
5441
8008
6582
11026
6697
160
10674
1398
6174
4324
12790
1046
10811
1564
12640
10222
9381
1523
682
10506
4727
11708
7570
7029
3671
7672
2279
8598
204
12267
10752
12103
3666
6287
1149
9384
9262
12235
11809
3029
3457
10333
9146
10770
12426
7591
5173
4583
10801
9468
5398
9733
2116
8001
2323
580
12111
6596
6993
4770
11395
2911
8711
3121
2480
9370
3574
5383
8574
1185
8076
4682
5723
11485
489
1111
11297
829
2084
1419
3148
2576
4703
10841
3162
9927
12467
2272
4095
11880
12647
477
9601
8303
5188
6933
12104
10470
6338
8541
10948
2732
10935
3593
4790
3421
3738
1205
9101
8059
9717
4469
6639
5699
3894
7092
1485
5944
12448
9242
10844
11494
10193
12156
114
2320
6383
11679
4342
3387
10188
10316
771
1981
2754
7379
7263
3637
1797
2384
10628
11057
966
6265
6054
10728
3882
5842
7329
5130
10175
10318
8894
12794
233
10091
262
2310
9234
4852
5940
7617
1844
4670
8872
1351
10602
9477
5275
7862
4752
5007
8704
2719
2794
5403
9151
1930
4568
2085
2505
3461
12726
5903
1043
9360
10023
12536
11432
4017
7238
987
9475
8600
11732
3559
9628
7490
11339
627
5575
12729
724
12413
3606
739
10481
9165
10213
9836
7542
7963
12263
11451
7422
4831
11352
1202
2702
6985
10744
5179
4966
3680
1002
2917
8336
8043
9848
3412
2186
11620
1455
12553
2905
6561
5529
1303
11029
5788
2343
2219
8274
10301
12368
2070
12002
7259
11653
2667
8187
6378
1475
6445
9037
4141
10219
7603
182
10832
3754
11674
8668
3762
10597
10507
6837
3729
3731
11729
299
6531
9456
10000
5046
4493
3068
6264
3102
3493
5212
11662
2115
12551
1035
11965
331
6706
8689
6894
10569
1700
5415
2896
9040
8635
10970
6699
2834
11263
9650
12059
10095
9117
11325
12909
7811
2631
464
2801
2545
1355
2533
8110
9766
4456
1553
10251
9297
11106
9973
2945
805
2401
7293
118
6171
8621
23
12741
2682
12748
12375
1008
3297
7674
7673
12394
4923
333
6818
9939
4958
5611
11852
10736
995
10530
8208
9305
9853
12768
9673
10472
161
1548
9127
163
10960
12129
6491
8295
8971
8552
3572
3640
11510
4108
10843
4888
2683
9298
12720
1472
2628
7818
6775
8770
10359
12031
7867
3360
3247
8086
1232
6280
10361
4344
5160
11466
3908
4507
6649
9904
4410
6814
4829
3677
7129
4545
6585
6239
1679
9193
6860
3628
2324
7659
3175
11343
5319
2282
12440
11683
1654
11400
9693
6007
7864
12617
5015
7736
8706
1917
10396
11863
5006
11888
3182
12879
10403
8879
4438
5301
11619
7928
6705
11746
4949
1913
3344
82
6278
1516
2982
4030
10734
5801
9549
12420
5747
5001
6729
7651
6704
8155
7899
7548
4457
12715
8909
3268
12530
12845
174
10668
1499
7344
12539
6034
77
2679
1728
4394
12837
11691
10824
8061
5893
1020
11271
8935
8129
4622
12125
1347
4513
10641
1767
10358
2232
12515
9721
7857
2358
10985
7254
4011
212
6723
4946
6786
1739
12896
10846
12084
7271
2441
6029
6288
1915
7332
6602
10901
3538
5432
9794
6595
5675
1117
11150
10769
3237
2593
7256
11008
1505
3368
12312
3355
292
9181
2931
7976
6698
3134
4606
1973
3879
6165
9858
11757
9099
1160
6481
964
10394
6417
4579
10270
2816
3752
1618
11474
3452
9415
6070
6756
11315
8196
9445
5139
5943
10019
8626
4844
11790
7487
11699
9256
4935
4466
10404
4523
4041
12665
8575
6749
4765
1130
7325
1711
11166
12658
9928
7881
12199
1999
12713
8426
5471
3494
12217
3554
9758
2715
949
12046
3217
9078
6402
7522
10032
1558
6514
8441
6013
7055
10700
4357
6831
11563
3059
1714
3317
5486
2802
11537
12136
9788
8009
4881
9491
6721
9108
6424
1401
6532
11073
6771
10696
4298
9845
1886
1253
1504
1974
4323
6778
6329
9753
7268
3193
12341
5586
6497
5514
7691
7030
12709
1762
1614
9940
9952
275
9522
3586
10662
9316
5558
2190
7206
178
6874
3903
12437
7255
11906
1013
1702
1975
10145
6526
7679
2424
2288
11912
2374
8306
8239
10980
10351
9458
5876
4341
3301
5196
2895
7109
1480
8126
11841
3167
8760
5704
6135
7717
8535
12153
5096
10724
4182
6180
983
680
5676
11941
11159
1463
6371
17
644
9324
9675
61
11458
837
7944
4304
7630
8501
8041
12873
9216
2822
6810
554
10866
5604
10052
1126
10353
8759
10814
1521
4989
3503
10936
7118
9345
12026
49
4933
4154
11504
10974
6547
4722
9171
5868
8681
9862
9706
3160
12544
8296
3264
7747
10149
12078
45
3763
12764
10906
1893
10172
4109
12573
8394
11476
324
10381
3709
3805
9651
749
9313
8006
12835
8649
4664
9138
2649
3705
8366
12473
41
2759
4961
11762
7184
2587
7435
44
5135
5539
1532
8049
7652
445
2589
1508
974
9357
9530
2376
9122
5468
7970
6991
3096
10154
4376
7946
12098
236
2843
3818
1630
4636
6745
2798
2216
7923
376
8500
9299
1024
6036
3302
9569
7068
5920
11048
10044
3097
9924
5144
7901
6785
7097
10501
11227
11017
8705
3873
3804
5239
10884
10061
6457
9161
6793
12876
202
6108
5203
10872
11607
7614
4307
12305
4123
9225
11246
12739
1231
11370
12042
8920
96
4269
11365
9704
4197
6237
2175
1187
10209
6486
7763
1324
9896
3091
10518
7335
3881
4073
8097
1865
8249
12270
5823
4417
7356
2362
1985
10572
1495
9718
9007
10942
12154
10291
10080
8594
12007
2850
1184
10978
2305
2260
2370
10050
5802
3669
7079
5098
7358
6472
6238
13
3118
12798
5987
12924
12085
6604
6298
7343
9320
304
401
11340
9392
9499
2608
3016
421
12322
12117
11822
5423
3717
7621
5128
1267
7088
8546
6952
3324
2948
6571
2542
11628
7612
2213
198
3748
9025
5038
3356
11146
8643
715
9253
2688
2212
11353
9608
1215
5152
12089
5278
6841
1296
9277
6051
4219
10827
12116
92
8722
5991
9095
407
9907
10612
1494
7564
2405
2800
10350
10151
2354
3478
8647
2739
4133
6058
3375
9542
4374
5911
3811
1675
7113
10454
12155
5672
2326
12853
5727
9648
8732
4264
4951
9826
7885
9204
5451
5449
6289
1732
5087
1822
6881
2371
9450
10035
1830
8217
2460
1937
2949
570
11034
6574
12441
10292
12020
499
10463
12666
12644
7156
455
247
9909
8775
4171
10818
8358
11864
5601
8524
3445
12688
6222
12086
4554
7193
3509
5905
5356
6114
10977
2710
7556
1248
9079
4008
10912
5632
11092
1114
8180
6249
10672
1626
2559
11431
5985
8491
3035
3905
10204
1271
1269
4569
7201
5440
2503
3447
3131
8910
12444
1541
8316
11085
7615
6566
10525
9583
3294
1657
4149
8347
9451
12929
6340
575
7242
2646
6342
8349
11129
6021
9418
10923
971
7580
8652
9125
6855
6495
7093
9074
12782
6995
6317
8357
7470
8780
6645
1137
9249
11454
1174
11598
12291
3913
1509
2729
981
12075
2791
7021
8505
10888
993
5521
3044
4744
2372
6030
9023
257
3675
4760
7746
7433
5059
10688
8970
7996
9136
7104
10433
9203
3262
3215
8460
6943
11095
4066
6828
3688
9725
695
3622
7336
5204
3781
7274
516
10538
3008
6672
11346
11439
1696
11899
12249
5639
6680
4904
1319
12093
6319
7108
3921
10531
8749
5277
6744
6104
11184
8197
6776
4625
10852
9833
6150
8093
540
3788
1951
5381
2286
6434
8525
4859
11591
6465
4035
12090
2698
12427
11491
780
11634
11811
2209
2738
4067
721
9984
596
10873
6254
5386
25
8834
9003
2704
4771
1638
11565
12037
12206
9339
8713
7476
11192
7828
5625
11845
800
9586
5721
2468
5652
7031
3171
9638
3018
7959
10955
8373
6530
6407
7455
8683
7033
5141
9436
11069
11774
1795
11530
4263
8084
2244
2147
276
7909
4443
577
3626
3991
35
1745
6227
2579
11609
9538
1
8532
7269
11555
10224
4648
378
3601
6414
12247
8489
9531
5994
402
6218
7598
6250
12882
8068
12359
2051
10743
10516
4577
11363
5215
7957
10886
10158
10113
6060
8695
1916
7176
1122
9091
3403
7124
4071
899
9247
11713
7211
12024
12525
9744
11586
3568
8716
10575
9752
12907
7221
5777
10601
2440
5978
12326
7016
2960
12335
891
646
9611
3230
2781
839
9919
10483
12861
7688
9918
9308
7961
3609
9999
11989
10963
1115
12664
1234
6392
1888
12698
6410
4288
12599
6031
8222
7969
3758
8142
5458
12185
770
685
7596
3542
10118
6103
5183
9668
5573
4822
12898
3695
4447
11921
11810
6017
8413
748
1760
8577
1124
3151
6139
84
4201
9483
4875
6743
10022
8099
372
3814
503
5230
12201
2200
11877
6339
3838
5874
5990
11359
5045
4145
7745
7645
11583
4062
1690
9081
180
7186
9588
6556
6325
7403
10494
7836
1853
849
10365
6435
3662
2877
6862
3958
5311
4331
5091
9303
8800
6747
5511
6512
12751
9154
9529
7388
5583
12554
2473
12195
5164
2561
10655
11788
9361
8564
8345
4691
11677
4969
4392
6927
11169
6806
4543
10928
6956
3954
3819
2088
40
4320
10063
12510
3927
12248
12957
5607
4173
11475
12314
4015
10871
5194
743
6665
8113
7653
2025
4950
5924
10772
9888
8559
1297
11556
9019
11083
1037
9224
2309
6190
11576
12122
5895
7437
7825
6868
4516
395
11373
6801
11117
950
8269
10340
3418
3984
10200
4311
8986
3384
2103
9426
6443
5936
7183
1864
7708
1039
3038
2520
8897
11181
6396
8024
7637
5455
642
4843
3092
5798
11114
957
7800
6014
3515
12414
1647
4127
2808
5782
9496
2605
3800
4649
7133
1671
3835
3406
1029
6253
7226
1898
2788
2380
4495
1623
2032
2595
4266
10686
6023
2161
7477
10159
11041
4539
5831
787
4807
526
10577
831
2189
6390
6359
6347
6977
5068
10994
1221
2717
10513
8071
7835
12009
8405
3907
755
12955
4766
12690
5199
2603
12012
3900
12880
108
12758
5992
3490
11139
9736
10590
12761
151
2897
3259
6209
11872
3830
9428
10646
3589
3486
5420
3815
12629
7303
2852
10170
8258
7666
10343
7569
4057
2225
12211
10930
6654
2204
2979
3557
2180
1368
4757
3333
1270
4541
4858
12451
6871
9433
5656
7369
9843
11938
12627
6502
9645
5946
2736
4396
7943
7890
6216
201
2215
3010
9585
11410
5481
8675
6920
6173
8121
8467
7693
3922
11387
8551
11830
7508
4956
12379
542
12169
11907
7444
2988
10202
7144
193
5906
5047
1376
2303
12521
12650
11196
104
10860
1769
11881
8801
4368
12087
925
8111
10190
2011
2353
10870
7870
7538
10773
11379
1843
8353
12857
7291
3820
7135
9137
12606
7975
1825
8013
6468
12752
11680
11075
648
9354
6257
4665
7493
8876
546
4142
3577
12461
11934
8543
129
2641
1617
11836
8245
6830
10309
9868
1308
797
3354
3681
11857
4300
662
2813
5268
2782
9994
4213
5076
6755
3992
10254
4419
8040
5256
10322
12694
10455
9716
3747
12100
4798
5192
9071
7780
12328
2220
8527
7377
12733
9056
6363
12032
9014
9802
9105
11657
2887
4271
11119
2580
3608
7425
12329
8993
8855
3462
4403
11519
7087
2997
8868
10996
754
2449
11050
3541
7639
1595
7207
1972
8851
12
12605
12570
666
4709
8367
6863
7696
8583
6558
1139
5966
12578
10379
8742
11507
2162
6161
11417
9497
4812
11168
6042
6168
6732
3063
4135
5253
1459
7719
5069
8883
8980
12567
11797
1619
10447
11435
4336
9929
1441
10473
3718
8743
5653
2322
5674
2878
3716
5795
10685
2888
7903
6544
12890
7164
10334
3132
2264
9134
10285
362
9627
10730
9679
10471
11452
7095
9362
12950
10386
5509
11331
3529
8276
3792
10776
12422
9897
9427
2278
10956
4208
12478
9243
10779
11908
9405
594
5297
9637
12245
10083
8411
907
9543
6836
7480
12732
10418
9746
10370
5587
3107
4267
12396
2459
8201
5021
7115
2508
6647
3613
449
6145
5867
10486
3487
6916
8166
6334
7683
9603
10533
5025
12252
549
3576
1984
8697
4552
9720
2616
5428
12285
9852
3436
5453
181
2035
11977
568
7383
9864
2090
12164
9058
12210
2977
12274
8680
10408
12852
3083
8082
11060
6687
5322
7919
11871
1724
5484
5702
2666
6453
6508
7138
9289
1784
12490
3683
11035
11981
12471
6094
2155
7036
8063
9178
12535
6324
3208
1074
9820
8693
5063
4717
1001
500
10451
7915
1353
1381
5813
12447
11259
7938
10076
11543